0 60 9 1
0 60 0 1
1 61 21 0
1 61 27 0
2 62 23 1
2 62 3 1
3 63 0 1
3 63 7 1
4 64 13 1
4 64 11 1
5 65 8 1
5 65 29 1
6 66 5 1
6 66 3 0
7 67 16 1
7 67 29 1
8 68 0 1
8 68 2 1
9 69 14 0
9 69 16 1
10 70 26 1
10 70 13 1
11 71 12 1
11 71 26 1
12 72 22 1
12 72 12 0
13 73 28 1
13 73 10 1
14 74 3 1
14 74 14 1
15 75 9 1
15 75 28 1
16 76 26 1
16 76 1 1
17 77 13 1
17 77 17 1
18 78 1 1
18 78 22 1
19 79 3 1
19 79 17 1
20 80 11 1
20 80 5 1
21 81 16 1
21 81 28 0
22 82 5 1
22 82 19 1
23 83 5 1
23 83 5 1
24 84 26 1
24 84 3 1
25 85 18 1
25 85 13 0
26 86 20 1
26 86 6 1
27 87 12 0
27 87 14 1
28 88 23 0
28 88 11 1
29 89 19 1
29 89 21 1
30 90 24 0
30 90 7 1
31 91 26 1
31 91 11 1
32 92 22 1
32 92 4 1
33 93 29 0
33 93 22 1
34 94 7 1
34 94 26 0
35 95 1 0
35 95 19 1
36 96 4 1
36 96 12 1
37 97 12 1
37 97 1 1
38 98 12 1
38 98 17 1
39 99 21 1
39 99 22 1
40 100 27 1
40 100 11 1
41 101 2 1
41 101 3 1
42 102 1 1
42 102 8 1
43 103 19 0
43 103 19 1
44 104 24 1
44 104 12 0
45 105 16 1
45 105 19 1
46 106 7 1
46 106 0 1
47 107 22 1
47 107 21 1
48 108 3 1
48 108 5 1
49 109 10 1
49 109 7 1
50 110 26 1
50 110 1 1
51 111 1 1
51 111 3 0
52 112 16 1
52 112 6 1
53 113 17 1
53 113 12 1
54 114 29 1
54 114 13 1
55 115 3 1
55 115 4 1
56 116 5 1
56 116 19 1
57 117 13 1
57 117 3 1
58 118 8 1
58 118 12 1
59 119 0 1
59 119 10 0
60 120 0 1
60 120 3 1
61 121 1 1
61 121 25 1
62 122 22 1
62 122 14 1
63 123 16 1
63 123 16 1
64 124 6 1
64 124 1 1
65 125 7 1
65 125 26 1
66 126 26 1
66 126 16 1
67 127 13 1
67 127 29 1
68 128 17 1
68 128 29 1
69 129 5 0
69 129 13 1
70 130 19 0
70 130 11 0
71 131 25 1
71 131 11 0
72 132 18 0
72 132 4 1
73 133 1 1
73 133 19 0
74 134 28 0
74 134 14 0
75 135 12 0
75 135 3 0
76 136 28 0
76 136 22 0
77 137 18 0
77 137 8 0
78 138 20 1
78 138 16 0
79 139 13 0
79 139 14 0
80 140 14 1
80 140 17 0
81 141 7 0
81 141 14 0
82 142 1 0
82 142 1 0
83 143 1 0
83 143 6 0
84 144 0 0
84 144 13 0
85 145 1 0
85 145 22 0
86 146 6 0
86 146 22 0
87 147 14 1
87 147 4 0
88 148 0 0
88 148 17 0
89 149 14 0
89 149 26 0
90 150 7 0
90 150 14 0
91 151 1 1
91 151 29 0
92 152 26 1
92 152 24 0
93 153 22 0
93 153 18 0
94 154 2 1
94 154 5 0
95 155 25 1
95 155 27 0
96 156 22 0
96 156 10 1
97 157 4 1
97 157 28 0
98 158 17 1
98 158 23 1
99 159 14 0
99 159 28 0
100 160 16 0
100 160 13 0
101 161 10 0
101 161 25 1
102 162 19 0
102 162 17 0
103 163 11 0
103 163 12 0
104 164 5 1
104 164 20 0
105 165 16 0
105 165 6 1
106 166 26 0
106 166 17 1
107 167 16 1
107 167 18 0
108 168 21 0
108 168 12 0
109 169 12 0
109 169 19 0
110 170 9 0
110 170 22 0
111 171 18 0
111 171 26 0
112 172 19 0
112 172 13 1
113 173 20 0
113 173 27 0
114 174 10 0
114 174 4 0
115 175 3 0
115 175 1 1
116 176 8 0
116 176 5 0
117 177 27 0
117 177 24 0
118 178 18 0
118 178 3 0
119 179 24 1
119 179 15 0
120 180 3 0
120 180 5 1
121 181 26 0
121 181 17 0
122 182 3 0
122 182 10 1
123 183 24 1
123 183 9 0
124 184 3 0
124 184 16 1
125 185 1 0
125 185 21 0
126 186 27 1
126 186 1 0
127 187 1 0
127 187 6 0
128 188 6 0
128 188 22 0
129 189 17 0
129 189 17 1
130 190 1 1
130 190 22 0
131 191 21 0
131 191 29 0
132 192 3 0
132 192 7 0
133 193 1 0
133 193 12 0
134 194 3 0
134 194 14 0
135 195 3 0
135 195 3 0
136 196 4 0
136 196 0 0
137 197 8 1
137 197 26 0
138 198 0 0
138 198 5 0
139 199 27 1
139 199 11 0
140 200 22 1
140 200 22 1
141 201 11 1
141 201 3 1
142 202 14 0
142 202 13 1
143 203 8 1
143 203 1 1
144 204 3 1
144 204 13 0
145 205 17 1
145 205 12 1
146 206 25 1
146 206 3 1
147 207 24 1
147 207 5 0
148 208 17 1
148 208 21 1
149 209 3 1
149 209 3 1
150 210 14 1
150 210 22 1
151 211 2 0
151 211 21 1
152 212 1 1
152 212 21 1
153 213 13 0
153 213 5 0
154 214 13 1
154 214 1 0
155 215 21 1
155 215 10 1
156 216 1 1
156 216 10 0
157 217 21 1
157 217 22 1
158 218 29 0
158 218 26 0
159 219 3 1
159 219 19 1
160 220 16 1
160 220 21 1
161 221 13 1
161 221 27 1
162 222 4 1
162 222 4 0
163 223 19 0
163 223 22 1
164 224 8 0
164 224 1 0
165 225 7 1
165 225 23 1
166 226 13 1
166 226 21 1
167 227 6 0
167 227 4 0
168 228 8 1
168 228 1 1
169 229 10 1
169 229 21 1
170 230 12 1
170 230 17 0
171 231 21 1
171 231 14 0
172 232 16 1
172 232 7 1
173 233 3 1
173 233 3 1
174 234 28 1
174 234 14 1
175 235 23 1
175 235 1 1
176 236 4 1
176 236 17 1
177 237 1 1
177 237 2 1
178 238 28 1
178 238 9 0
179 239 21 1
179 239 1 1
180 240 0 0
180 240 29 1
181 241 26 1
181 241 6 1
182 242 13 0
182 242 29 1
183 243 13 0
183 243 18 1
184 244 1 1
184 244 10 0
185 245 10 1
185 245 22 1
186 246 17 1
186 246 15 1
187 247 21 0
187 247 6 1
188 248 1 1
188 248 13 1
189 249 6 1
189 249 18 1
190 250 12 1
190 250 4 0
191 251 20 1
191 251 19 1
192 252 26 1
192 252 17 1
193 253 3 1
193 253 27 1
194 254 10 1
194 254 21 1
195 255 27 1
195 255 12 1
196 256 1 1
196 256 25 1
197 257 13 1
197 257 21 1
198 258 8 1
198 258 10 1
199 259 1 0
199 259 22 0
200 260 15 0
200 260 29 0
201 261 16 0
201 261 8 0
202 262 5 0
202 262 5 1
203 263 17 0
203 263 26 1
204 264 22 0
204 264 22 0
205 265 27 0
205 265 1 0
206 266 22 0
206 266 13 0
207 267 24 0
207 267 27 0
208 268 21 1
208 268 6 1
209 269 15 0
209 269 5 0
210 270 18 0
210 270 18 1
211 271 29 0
211 271 1 0
212 272 3 0
212 272 19 0
213 273 19 0
213 273 21 1
214 274 8 1
214 274 14 1
215 275 22 0
215 275 14 0
216 276 16 0
216 276 10 0
217 277 11 0
217 277 16 0
218 278 29 1
218 278 1 1
219 279 21 0
219 279 5 0
220 280 29 1
220 280 29 0
221 281 11 1
221 281 13 0
222 282 22 0
222 282 8 1
223 283 1 0
223 283 12 0
224 284 3 0
224 284 3 1
225 285 4 0
225 285 28 1
226 286 1 0
226 286 21 0
227 287 7 0
227 287 21 1
228 288 8 0
228 288 1 0
229 289 20 1
229 289 26 1
230 290 26 0
230 290 24 0
231 291 25 0
231 291 17 0
232 292 22 1
232 292 12 0
233 293 24 0
233 293 25 0
234 294 16 1
234 294 13 0
235 295 18 0
235 295 5 0
236 296 2 0
236 296 10 0
237 297 17 0
237 297 28 0
238 298 11 1
238 298 14 1
239 299 19 0
239 299 17 0
240 300 28 0
240 300 25 0
241 301 13 1
241 301 3 1
242 302 13 0
242 302 13 0
243 303 10 1
243 303 22 0
244 304 1 1
244 304 21 0
245 305 13 1
245 305 29 0
246 306 22 0
246 306 1 0
247 307 12 0
247 307 12 1
248 308 16 0
248 308 1 0
249 309 22 1
249 309 0 0
250 310 26 0
250 310 3 0
251 311 19 0
251 311 3 0
252 312 22 1
252 312 17 0
253 313 10 0
253 313 25 0
254 314 17 0
254 314 3 1
255 315 6 0
255 315 1 0
256 316 8 1
256 316 7 0
257 317 26 0
257 317 17 0
258 318 15 1
258 318 26 0
259 319 9 0
259 319 28 1
260 320 14 0
260 320 4 0
261 321 3 0
261 321 1 0
262 322 6 1
262 322 20 1
263 323 10 0
263 323 1 0
264 324 7 0
264 324 26 0
265 325 6 0
265 325 26 0
266 326 24 1
266 326 1 1
267 327 1 1
267 327 7 1
268 328 8 0
268 328 6 0
269 329 0 1
269 329 9 1
270 330 7 1
270 330 22 0
271 331 19 1
271 331 14 1
272 332 28 1
272 332 4 1
273 333 28 1
273 333 1 1
274 334 5 0
274 334 8 0
275 335 28 1
275 335 1 1
276 336 29 1
276 336 6 1
277 337 21 1
277 337 18 1
278 338 26 0
278 338 7 1
279 339 0 0
279 339 15 1
280 340 14 1
280 340 28 1
281 341 7 0
281 341 16 1
282 342 17 1
282 342 18 0
283 343 4 1
283 343 15 1
284 344 22 0
284 344 29 0
285 345 12 1
285 345 22 0
286 346 1 1
286 346 12 1
287 347 3 0
287 347 13 1
288 348 14 1
288 348 11 1
289 349 13 0
289 349 26 0
290 350 17 1
290 350 6 1
291 351 18 1
291 351 6 0
292 352 26 0
292 352 11 0
293 353 11 1
293 353 13 1
294 354 17 1
294 354 5 1
295 355 20 1
295 355 26 1
296 356 19 1
296 356 13 1
297 357 27 1
297 357 26 1
298 358 11 0
298 358 10 1
299 359 21 1
299 359 2 0
300 360 18 1
300 360 14 1
301 361 25 1
301 361 13 1
302 362 1 0
302 362 29 0
303 363 6 1
303 363 0 1
304 364 14 1
304 364 28 0
305 365 3 0
305 365 17 1
306 366 28 1
306 366 1 0
307 367 7 1
307 367 17 1
308 368 7 1
308 368 14 1
309 369 19 1
309 369 21 0
310 370 4 1
310 370 13 1
311 371 3 1
311 371 26 1
312 372 1 1
312 372 1 0
313 373 0 1
313 373 22 1
314 374 6 1
314 374 12 0
315 375 6 1
315 375 26 1
316 376 11 0
316 376 7 1
317 377 8 1
317 377 22 1
318 378 1 0
318 378 28 1
319 379 22 1
319 379 0 0
320 380 25 1
320 380 1 1
321 381 9 1
321 381 22 0
322 382 6 0
322 382 22 1
323 383 13 1
323 383 26 1
324 384 12 1
324 384 24 1
325 385 29 1
325 385 3 1
326 386 3 0
326 386 10 0
327 387 1 1
327 387 9 0
328 388 25 1
328 388 29 0
329 389 10 0
329 389 13 0
330 390 12 0
330 390 12 0
331 391 21 0
331 391 1 0
332 392 4 1
332 392 21 0
333 393 22 0
333 393 3 0
334 394 28 1
334 394 18 1
335 395 14 1
335 395 22 0
336 396 26 0
336 396 13 0
337 397 1 0
337 397 4 0
338 398 6 0
338 398 1 1
339 399 19 1
339 399 7 0
340 400 4 0
340 400 5 0
341 401 29 0
341 401 29 1
342 402 5 0
342 402 3 0
343 403 13 0
343 403 17 0
344 404 22 1
344 404 28 1
345 405 14 0
345 405 21 1
346 406 14 0
346 406 17 1
347 407 7 0
347 407 28 0
348 408 7 0
348 408 7 0
349 409 13 1
349 409 26 1
350 410 28 0
350 410 6 0
351 411 12 1
351 411 28 0
352 412 15 1
352 412 12 1
353 413 8 0
353 413 7 1
354 414 22 0
354 414 1 0
355 415 7 0
355 415 27 1
356 416 21 0
356 416 26 0
357 417 12 0
357 417 29 1
358 418 28 0
358 418 26 1
359 419 13 0
359 419 11 1
360 420 17 0
360 420 20 0
361 421 9 1
361 421 21 0
362 422 19 0
362 422 1 0
363 423 15 0
363 423 12 1
364 424 27 0
364 424 13 0
365 425 1 0
365 425 22 1
366 426 10 0
366 426 23 1
367 427 5 0
367 427 13 0
368 428 18 0
368 428 19 0
369 429 5 0
369 429 28 0
370 430 26 0
370 430 5 0
371 431 28 0
371 431 1 0
372 432 27 0
372 432 25 1
373 433 17 0
373 433 8 0
374 434 11 0
374 434 3 0
375 435 19 0
375 435 17 0
376 436 21 0
376 436 24 0
377 437 23 0
377 437 22 1
378 438 28 1
378 438 18 0
379 439 14 0
379 439 4 0
380 440 8 1
380 440 13 1
381 441 28 0
381 441 6 1
382 442 25 1
382 442 29 0
383 443 18 0
383 443 14 1
384 444 16 1
384 444 8 0
385 445 3 0
385 445 1 0
386 446 16 0
386 446 13 1
387 447 21 1
387 447 20 0
388 448 26 0
388 448 6 0
389 449 29 0
389 449 10 1
390 450 1 0
390 450 25 0
391 451 26 0
391 451 25 1
392 452 29 1
392 452 13 1
393 453 12 0
393 453 13 1
394 454 18 1
394 454 24 1
395 455 28 1
395 455 21 0
396 456 5 1
396 456 12 1
397 457 1 1
397 457 0 1
398 458 1 1
398 458 29 1
399 459 7 1
399 459 7 1
400 460 22 1
400 460 8 1
401 461 1 0
401 461 2 0
402 462 17 0
402 462 4 0
403 463 28 1
403 463 27 1
404 464 28 1
404 464 11 1
405 465 3 1
405 465 22 1
406 466 28 0
406 466 11 0
407 467 26 1
407 467 16 1
408 468 26 1
408 468 0 1
409 469 29 0
409 469 11 0
410 470 1 0
410 470 17 0
411 471 17 1
411 471 21 1
412 472 8 1
412 472 29 1
413 473 13 0
413 473 13 0
414 474 16 0
414 474 19 1
415 475 5 1
415 475 1 0
416 476 17 1
416 476 1 1
417 477 22 1
417 477 4 1
418 478 12 1
418 478 24 1
419 479 4 0
419 479 29 1
420 480 23 1
420 480 11 0
421 481 8 0
421 481 6 0
422 482 12 1
422 482 18 1
423 483 0 1
423 483 26 1
424 484 18 1
424 484 11 1
425 485 10 1
425 485 18 1
426 486 2 0
426 486 6 0
427 487 18 1
427 487 23 1
428 488 2 0
428 488 28 1
429 489 12 1
429 489 10 1
430 490 3 1
430 490 12 1
431 491 24 1
431 491 22 0
432 492 4 1
432 492 10 1
433 493 19 1
433 493 21 1
434 494 12 1
434 494 28 1
435 495 1 1
435 495 12 0
436 496 2 1
436 496 3 1
437 497 25 1
437 497 28 0
438 498 6 1
438 498 29 0
439 499 26 1
439 499 13 1
440 500 4 1
440 500 29 1
441 501 22 0
441 501 14 1
442 502 21 0
442 502 3 1
443 503 2 1
443 503 22 1
444 504 12 1
444 504 19 0
445 505 12 1
445 505 12 1
446 506 22 0
446 506 12 1
447 507 21 0
447 507 12 1
448 508 13 1
448 508 19 1
449 509 13 0
449 509 16 0
450 510 1 0
450 510 17 1
451 511 26 0
451 511 1 1
452 512 19 1
452 512 11 0
453 513 18 1
453 513 25 0
454 514 12 0
454 514 25 0
455 515 29 0
455 515 1 0
456 516 13 1
456 516 5 1
457 517 1 1
457 517 23 0
458 518 9 0
458 518 1 0
459 519 17 1
459 519 21 0
460 520 1 0
460 520 29 0
461 521 8 0
461 521 5 1
462 522 0 0
462 522 22 0
463 523 26 0
463 523 21 0
464 524 1 0
464 524 11 0
465 525 18 0
465 525 24 0
466 526 10 0
466 526 12 1
467 527 8 0
467 527 28 0
468 528 13 0
468 528 14 0
469 529 14 1
469 529 0 1
470 530 25 1
470 530 3 1
471 531 14 0
471 531 13 1
472 532 17 0
472 532 5 0
473 533 27 0
473 533 25 0
474 534 8 1
474 534 8 1
475 535 7 1
475 535 15 1
476 536 5 0
476 536 22 1
477 537 28 0
477 537 21 0
478 538 28 0
478 538 2 0
479 539 4 1
479 539 17 1
480 540 12 0
480 540 26 0
481 541 8 0
481 541 21 1
482 542 13 0
482 542 15 0
483 543 27 0
483 543 12 0
484 544 4 0
484 544 22 1
485 545 14 0
485 545 26 0
486 546 14 0
486 546 3 1
487 547 17 0
487 547 12 1
488 548 28 0
488 548 21 0
489 549 22 0
489 549 3 1
490 550 18 0
490 550 28 0
491 551 7 1
491 551 14 1
492 552 27 0
492 552 4 0
493 553 10 0
493 553 1 0
494 554 21 0
494 554 29 0
495 555 1 0
495 555 14 0
496 556 1 0
496 556 7 0
497 557 20 0
497 557 21 0
498 558 20 1
498 558 22 0
499 559 14 1
499 559 24 0
500 560 0 0
500 560 9 0
501 561 7 0
501 561 4 1
502 562 22 1
502 562 23 0
503 563 14 0
503 563 17 1
504 564 7 0
504 564 14 1
505 565 12 0
505 565 29 0
506 566 26 1
506 566 15 0
507 567 27 0
507 567 2 0
508 568 19 0
508 568 14 0
509 569 18 0
509 569 14 1
510 570 12 0
510 570 6 0
511 571 10 1
511 571 25 1
512 572 19 1
512 572 28 1
513 573 18 0
513 573 22 1
514 574 10 1
514 574 22 0
515 575 24 0
515 575 3 0
516 576 5 1
516 576 15 1
517 577 17 1
517 577 14 0
518 578 3 1
518 578 3 1
519 579 0 0
519 579 12 0
520 580 26 1
520 580 10 1
521 581 25 0
521 581 17 1
522 582 28 1
522 582 7 0
523 583 24 1
523 583 14 1
524 584 9 1
524 584 28 1
525 585 13 1
525 585 12 1
526 586 17 1
526 586 5 0
527 587 19 1
527 587 10 1
528 588 23 1
528 588 26 0
529 589 12 1
529 589 16 1
530 590 1 1
530 590 4 0
531 591 29 0
531 591 26 1
532 592 28 1
532 592 24 1
533 593 15 0
533 593 22 1
534 594 27 1
534 594 10 1
535 595 9 1
535 595 17 0
536 596 28 0
536 596 19 0
537 597 19 0
537 597 8 1
538 598 12 1
538 598 22 1
539 599 29 0
539 599 7 0
540 600 26 0
540 600 17 1
541 601 8 0
541 601 12 1
542 602 28 1
542 602 11 1
543 603 16 1
543 603 22 1
544 604 17 1
544 604 17 1
545 605 20 1
545 605 19 1
546 606 19 1
546 606 17 1
547 607 19 1
547 607 10 0
548 608 16 0
548 608 22 0
549 609 14 0
549 609 3 1
550 610 5 0
550 610 12 1
551 611 17 1
551 611 1 1
552 612 12 0
552 612 7 1
553 613 29 1
553 613 1 1
554 614 4 1
554 614 22 1
555 615 7 1
555 615 11 1
556 616 8 1
556 616 7 1
557 617 15 1
557 617 17 1
558 618 25 1
558 618 3 1
559 619 8 1
559 619 6 1
560 620 10 1
560 620 24 1
561 621 12 0
561 621 26 1
562 622 22 0
562 622 17 1
563 623 22 0
563 623 4 0
564 624 13 0
564 624 12 0
565 625 13 1
565 625 4 1
566 626 13 0
566 626 12 1
567 627 19 0
567 627 20 0
568 628 11 1
568 628 8 1
569 629 22 1
569 629 25 1
570 630 28 1
570 630 17 1
571 631 14 1
571 631 18 0
572 632 18 0
572 632 18 0
573 633 29 1
573 633 25 1
574 634 29 0
574 634 26 1
575 635 7 1
575 635 21 1
576 636 18 1
576 636 10 0
577 637 0 1
577 637 12 0
578 638 11 0
578 638 13 1
579 639 13 0
579 639 9 1
580 640 27 1
580 640 26 0
581 641 17 0
581 641 0 0
582 642 14 0
582 642 11 1
583 643 12 0
583 643 26 0
584 644 22 0
584 644 1 0
585 645 3 0
585 645 9 0
586 646 7 1
586 646 21 0
587 647 19 0
587 647 0 0
588 648 24 1
588 648 27 1
589 649 1 0
589 649 7 0
590 650 5 0
590 650 4 0
591 651 2 1
591 651 25 0
592 652 13 0
592 652 15 0
593 653 3 0
593 653 18 0
594 654 18 1
594 654 17 0
595 655 3 0
595 655 10 0
596 656 25 1
596 656 4 1
597 657 14 0
597 657 18 0
598 658 18 1
598 658 6 1
599 659 18 1
599 659 21 0
