0 60 8 1
0 60 9 1
1 61 24 1
1 61 9 0
2 62 17 1
2 62 9 1
3 63 22 0
3 63 20 1
4 64 18 1
4 64 19 1
5 65 22 1
5 65 20 1
6 66 28 1
6 66 13 1
7 67 20 1
7 67 1 1
8 68 14 1
8 68 29 1
9 69 20 1
9 69 6 1
10 70 13 1
10 70 20 1
11 71 25 1
11 71 28 0
12 72 29 1
12 72 28 1
13 73 5 1
13 73 8 0
14 74 20 1
14 74 16 1
15 75 6 1
15 75 28 0
16 76 18 1
16 76 1 1
17 77 19 1
17 77 11 1
18 78 13 1
18 78 13 1
19 79 9 1
19 79 9 1
20 80 20 0
20 80 26 1
21 81 22 1
21 81 21 0
22 82 8 1
22 82 11 1
23 83 11 1
23 83 28 0
24 84 3 1
24 84 8 1
25 85 14 1
25 85 29 0
26 86 11 1
26 86 24 1
27 87 4 1
27 87 16 0
28 88 9 1
28 88 22 1
29 89 6 1
29 89 10 1
30 90 6 1
30 90 28 1
31 91 22 1
31 91 16 0
32 92 17 1
32 92 16 1
33 93 16 1
33 93 4 1
34 94 0 1
34 94 8 1
35 95 15 1
35 95 1 1
36 96 8 1
36 96 16 1
37 97 28 1
37 97 26 1
38 98 14 1
38 98 16 1
39 99 5 1
39 99 16 1
40 100 26 1
40 100 2 1
41 101 4 1
41 101 2 1
42 102 5 1
42 102 25 1
43 103 18 0
43 103 24 1
44 104 0 1
44 104 26 1
45 105 17 1
45 105 11 1
46 106 26 1
46 106 28 1
47 107 7 1
47 107 16 1
48 108 19 0
48 108 21 0
49 109 28 1
49 109 9 1
50 110 29 1
50 110 25 1
51 111 28 1
51 111 4 1
52 112 0 1
52 112 7 1
53 113 24 1
53 113 12 1
54 114 26 0
54 114 7 1
55 115 13 1
55 115 20 1
56 116 18 1
56 116 13 1
57 117 28 1
57 117 17 0
58 118 26 1
58 118 13 1
59 119 13 1
59 119 15 1
60 120 17 1
60 120 7 0
61 121 19 1
61 121 20 1
62 122 13 1
62 122 13 1
63 123 9 1
63 123 24 1
64 124 21 0
64 124 20 1
65 125 19 1
65 125 16 1
66 126 16 1
66 126 9 1
67 127 7 1
67 127 29 1
68 128 7 0
68 128 9 0
69 129 17 0
69 129 1 1
70 130 1 1
70 130 6 0
71 131 26 1
71 131 26 1
72 132 21 0
72 132 13 0
73 133 22 1
73 133 11 1
74 134 16 1
74 134 13 0
75 135 20 0
75 135 19 0
76 136 20 0
76 136 18 0
77 137 22 0
77 137 16 1
78 138 26 1
78 138 21 1
79 139 11 0
79 139 28 0
80 140 24 0
80 140 0 0
81 141 16 0
81 141 12 0
82 142 9 0
82 142 9 0
83 143 22 0
83 143 13 0
84 144 9 0
84 144 9 0
85 145 8 1
85 145 26 0
86 146 9 1
86 146 8 0
87 147 7 0
87 147 16 0
88 148 24 0
88 148 16 0
89 149 16 0
89 149 23 0
90 150 2 0
90 150 29 0
91 151 20 1
91 151 3 0
92 152 18 1
92 152 25 0
93 153 13 0
93 153 2 0
94 154 28 0
94 154 9 0
95 155 6 1
95 155 15 0
96 156 23 0
96 156 1 0
97 157 16 0
97 157 12 0
98 158 28 0
98 158 22 1
99 159 6 0
99 159 11 0
100 160 1 0
100 160 28 0
101 161 3 0
101 161 12 0
102 162 20 1
102 162 25 0
103 163 5 0
103 163 0 0
104 164 4 0
104 164 18 0
105 165 11 1
105 165 16 0
106 166 4 0
106 166 23 1
107 167 7 0
107 167 28 0
108 168 0 0
108 168 22 0
109 169 24 0
109 169 28 0
110 170 12 0
110 170 22 1
111 171 15 1
111 171 4 1
112 172 1 0
112 172 16 0
113 173 22 0
113 173 16 1
114 174 9 0
114 174 28 0
115 175 10 0
115 175 15 0
116 176 18 0
116 176 2 0
117 177 10 0
117 177 26 0
118 178 11 0
118 178 17 0
119 179 7 0
119 179 11 0
120 180 1 0
120 180 22 1
121 181 20 0
121 181 13 0
122 182 2 0
122 182 20 0
123 183 12 0
123 183 16 0
124 184 8 0
124 184 16 0
125 185 7 0
125 185 0 0
126 186 16 0
126 186 28 0
127 187 9 0
127 187 13 0
128 188 17 0
128 188 5 0
129 189 7 0
129 189 13 0
130 190 16 0
130 190 9 1
131 191 17 0
131 191 27 0
132 192 0 0
132 192 20 0
133 193 16 0
133 193 13 0
134 194 1 0
134 194 21 1
135 195 28 1
135 195 9 1
136 196 1 1
136 196 13 1
137 197 4 0
137 197 11 0
138 198 1 1
138 198 15 1
139 199 11 0
139 199 20 1
140 200 24 0
140 200 4 1
141 201 22 0
141 201 1 1
142 202 11 1
142 202 14 1
143 203 26 0
143 203 7 1
144 204 10 1
144 204 13 1
145 205 9 1
145 205 28 1
146 206 13 0
146 206 15 0
147 207 20 1
147 207 1 0
148 208 23 1
148 208 10 1
149 209 20 1
149 209 18 1
150 210 5 1
150 210 9 1
151 211 9 0
151 211 5 0
152 212 18 1
152 212 0 1
153 213 11 1
153 213 20 1
154 214 15 1
154 214 26 1
155 215 22 1
155 215 9 1
156 216 13 1
156 216 9 1
157 217 11 1
157 217 29 1
158 218 9 1
158 218 11 1
159 219 28 1
159 219 13 1
160 220 8 1
160 220 0 1
161 221 27 1
161 221 16 1
162 222 13 1
162 222 9 1
163 223 17 1
163 223 4 1
164 224 17 1
164 224 0 1
165 225 1 1
165 225 22 1
166 226 27 0
166 226 25 0
167 227 26 1
167 227 21 1
168 228 16 1
168 228 20 1
169 229 22 1
169 229 12 1
170 230 20 0
170 230 8 1
171 231 0 1
171 231 16 1
172 232 14 1
172 232 23 0
173 233 8 1
173 233 20 1
174 234 22 0
174 234 4 0
175 235 9 1
175 235 25 1
176 236 1 1
176 236 10 1
177 237 16 1
177 237 8 1
178 238 26 1
178 238 11 1
179 239 13 1
179 239 22 1
180 240 16 1
180 240 11 0
181 241 21 1
181 241 9 1
182 242 21 1
182 242 18 1
183 243 5 1
183 243 1 1
184 244 3 0
184 244 11 0
185 245 17 1
185 245 21 1
186 246 6 1
186 246 20 1
187 247 26 1
187 247 4 1
188 248 20 1
188 248 28 1
189 249 21 0
189 249 16 0
190 250 22 1
190 250 14 1
191 251 16 1
191 251 11 1
192 252 17 1
192 252 11 1
193 253 25 0
193 253 22 1
194 254 9 1
194 254 22 0
195 255 25 1
195 255 26 1
196 256 7 1
196 256 14 1
197 257 18 0
197 257 28 1
198 258 13 1
198 258 12 1
199 259 16 0
199 259 14 0
200 260 9 1
200 260 20 0
201 261 16 1
201 261 12 1
202 262 7 1
202 262 22 0
203 263 28 0
203 263 11 0
204 264 25 0
204 264 11 0
205 265 5 0
205 265 26 0
206 266 13 1
206 266 11 1
207 267 28 0
207 267 13 0
208 268 0 1
208 268 2 1
209 269 13 0
209 269 14 0
210 270 26 0
210 270 21 0
211 271 5 0
211 271 1 0
212 272 26 0
212 272 12 1
213 273 28 1
213 273 13 0
214 274 8 0
214 274 24 1
215 275 1 0
215 275 8 0
216 276 16 1
216 276 9 0
217 277 2 1
217 277 10 0
218 278 20 1
218 278 9 0
219 279 7 0
219 279 18 0
220 280 1 0
220 280 20 0
221 281 28 0
221 281 22 1
222 282 13 0
222 282 23 0
223 283 13 0
223 283 26 0
224 284 22 0
224 284 8 0
225 285 0 0
225 285 0 0
226 286 13 1
226 286 20 0
227 287 16 0
227 287 17 0
228 288 22 1
228 288 16 0
229 289 17 0
229 289 13 1
230 290 7 0
230 290 25 0
231 291 12 1
231 291 22 0
232 292 4 0
232 292 9 0
233 293 22 0
233 293 14 0
234 294 13 0
234 294 4 0
235 295 29 0
235 295 6 0
236 296 16 0
236 296 26 0
237 297 11 0
237 297 25 0
238 298 9 0
238 298 21 0
239 299 13 0
239 299 15 0
240 300 9 0
240 300 20 0
241 301 26 0
241 301 8 0
242 302 7 0
242 302 22 0
243 303 0 1
243 303 5 0
244 304 16 0
244 304 14 0
245 305 19 0
245 305 4 0
246 306 9 0
246 306 11 0
247 307 26 0
247 307 21 0
248 308 1 0
248 308 17 0
249 309 10 0
249 309 26 1
250 310 29 0
250 310 14 0
251 311 15 0
251 311 20 0
252 312 1 0
252 312 9 1
253 313 28 0
253 313 8 0
254 314 22 0
254 314 0 1
255 315 16 1
255 315 16 0
256 316 3 0
256 316 19 0
257 317 15 0
257 317 8 0
258 318 17 0
258 318 8 0
259 319 9 1
259 319 16 0
260 320 7 0
260 320 17 1
261 321 18 0
261 321 16 1
262 322 24 0
262 322 15 0
263 323 22 1
263 323 11 0
264 324 7 1
264 324 10 0
265 325 9 0
265 325 7 1
266 326 16 1
266 326 6 1
267 327 21 1
267 327 0 1
268 328 2 0
268 328 6 1
269 329 6 0
269 329 28 1
270 330 18 1
270 330 4 1
271 331 11 1
271 331 21 0
272 332 3 0
272 332 15 1
273 333 18 0
273 333 13 1
274 334 27 1
274 334 26 1
275 335 18 1
275 335 3 1
276 336 27 1
276 336 4 0
277 337 12 0
277 337 22 1
278 338 7 1
278 338 16 0
279 339 7 0
279 339 7 1
280 340 12 1
280 340 24 0
281 341 15 1
281 341 3 0
282 342 14 1
282 342 0 1
283 343 8 1
283 343 1 1
284 344 9 1
284 344 27 1
285 345 16 1
285 345 28 1
286 346 26 1
286 346 21 1
287 347 21 1
287 347 0 1
288 348 16 1
288 348 11 1
289 349 22 1
289 349 22 0
290 350 22 1
290 350 28 0
291 351 1 0
291 351 21 1
292 352 26 1
292 352 2 1
293 353 17 1
293 353 22 0
294 354 20 1
294 354 4 1
295 355 26 1
295 355 13 1
296 356 21 1
296 356 20 0
297 357 6 1
297 357 2 1
298 358 6 1
298 358 27 0
299 359 11 1
299 359 1 1
300 360 20 0
300 360 13 1
301 361 2 1
301 361 16 1
302 362 11 1
302 362 9 1
303 363 14 1
303 363 14 1
304 364 19 1
304 364 20 1
305 365 11 1
305 365 13 1
306 366 10 1
306 366 9 1
307 367 2 1
307 367 18 1
308 368 3 1
308 368 11 1
309 369 22 1
309 369 12 1
310 370 21 1
310 370 11 1
311 371 29 1
311 371 29 1
312 372 28 1
312 372 13 0
313 373 2 1
313 373 27 1
314 374 16 1
314 374 13 1
315 375 9 0
315 375 9 1
316 376 9 1
316 376 4 0
317 377 9 1
317 377 28 1
318 378 4 1
318 378 8 1
319 379 9 1
319 379 0 1
320 380 28 1
320 380 11 1
321 381 6 1
321 381 22 1
322 382 0 1
322 382 10 1
323 383 16 0
323 383 9 1
324 384 22 1
324 384 28 1
325 385 28 0
325 385 2 0
326 386 0 1
326 386 14 0
327 387 14 0
327 387 9 0
328 388 1 1
328 388 9 1
329 389 26 0
329 389 11 0
330 390 9 0
330 390 4 0
331 391 0 0
331 391 21 0
332 392 9 0
332 392 24 0
333 393 5 1
333 393 4 1
334 394 0 0
334 394 29 0
335 395 16 0
335 395 16 1
336 396 26 0
336 396 2 1
337 397 22 0
337 397 24 0
338 398 23 1
338 398 16 1
339 399 1 1
339 399 22 0
340 400 13 0
340 400 11 0
341 401 28 1
341 401 8 1
342 402 22 0
342 402 25 0
343 403 16 1
343 403 11 0
344 404 9 0
344 404 26 1
345 405 13 1
345 405 0 0
346 406 8 0
346 406 25 0
347 407 13 0
347 407 26 0
348 408 3 0
348 408 16 0
349 409 7 0
349 409 16 1
350 410 4 1
350 410 25 0
351 411 21 0
351 411 29 0
352 412 26 0
352 412 16 0
353 413 9 0
353 413 17 0
354 414 28 0
354 414 28 0
355 415 16 0
355 415 21 0
356 416 17 0
356 416 8 0
357 417 16 0
357 417 18 0
358 418 13 0
358 418 21 0
359 419 9 0
359 419 22 0
360 420 16 0
360 420 22 0
361 421 22 1
361 421 12 1
362 422 21 0
362 422 0 0
363 423 26 0
363 423 16 0
364 424 9 0
364 424 21 0
365 425 13 0
365 425 28 1
366 426 2 0
366 426 9 0
367 427 16 1
367 427 19 0
368 428 29 0
368 428 7 0
369 429 10 0
369 429 1 0
370 430 9 0
370 430 26 1
371 431 21 0
371 431 0 0
372 432 18 0
372 432 26 0
373 433 14 0
373 433 29 0
374 434 2 0
374 434 12 0
375 435 27 0
375 435 8 0
376 436 12 0
376 436 6 0
377 437 26 0
377 437 4 0
378 438 0 1
378 438 27 0
379 439 20 0
379 439 18 0
380 440 9 0
380 440 26 0
381 441 27 1
381 441 9 0
382 442 9 0
382 442 9 0
383 443 28 0
383 443 0 0
384 444 20 0
384 444 22 0
385 445 0 0
385 445 19 1
386 446 12 0
386 446 1 0
387 447 0 1
387 447 24 1
388 448 9 1
388 448 26 1
389 449 16 1
389 449 16 0
390 450 11 0
390 450 22 0
391 451 26 1
391 451 4 1
392 452 9 1
392 452 20 1
393 453 0 1
393 453 9 1
394 454 24 1
394 454 16 1
395 455 13 0
395 455 16 0
396 456 26 1
396 456 16 1
397 457 0 1
397 457 16 1
398 458 9 0
398 458 9 0
399 459 10 0
399 459 26 0
400 460 18 1
400 460 6 1
401 461 2 1
401 461 13 0
402 462 2 1
402 462 7 1
403 463 29 0
403 463 0 1
404 464 16 0
404 464 22 1
405 465 5 1
405 465 13 0
406 466 15 1
406 466 22 1
407 467 5 1
407 467 7 1
408 468 29 1
408 468 5 1
409 469 20 0
409 469 26 1
410 470 3 0
410 470 20 0
411 471 16 1
411 471 29 1
412 472 0 1
412 472 14 1
413 473 21 1
413 473 17 1
414 474 16 0
414 474 14 0
415 475 20 1
415 475 20 1
416 476 20 1
416 476 26 1
417 477 1 1
417 477 16 0
418 478 1 1
418 478 17 1
419 479 3 1
419 479 16 1
420 480 8 1
420 480 10 1
421 481 16 1
421 481 21 1
422 482 20 1
422 482 27 1
423 483 9 1
423 483 7 1
424 484 17 1
424 484 27 1
425 485 16 1
425 485 22 1
426 486 17 1
426 486 8 1
427 487 9 1
427 487 17 1
428 488 21 1
428 488 26 0
429 489 18 1
429 489 0 1
430 490 8 1
430 490 26 1
431 491 3 1
431 491 21 1
432 492 13 1
432 492 12 1
433 493 3 1
433 493 3 0
434 494 5 0
434 494 9 1
435 495 21 1
435 495 7 1
436 496 8 1
436 496 16 1
437 497 13 1
437 497 5 1
438 498 9 1
438 498 4 1
439 499 1 1
439 499 13 1
440 500 16 1
440 500 28 1
441 501 9 1
441 501 18 1
442 502 17 1
442 502 21 1
443 503 9 0
443 503 15 1
444 504 21 1
444 504 20 1
445 505 0 1
445 505 28 0
446 506 8 1
446 506 26 1
447 507 27 0
447 507 16 1
448 508 16 0
448 508 9 0
449 509 23 1
449 509 20 0
450 510 13 1
450 510 28 1
451 511 1 0
451 511 2 0
452 512 7 1
452 512 20 0
453 513 9 0
453 513 8 1
454 514 28 0
454 514 22 0
455 515 13 0
455 515 16 0
456 516 2 0
456 516 4 0
457 517 15 0
457 517 11 1
458 518 13 1
458 518 28 0
459 519 13 0
459 519 24 1
460 520 20 0
460 520 14 0
461 521 11 0
461 521 4 0
462 522 1 1
462 522 13 1
463 523 6 0
463 523 19 0
464 524 1 1
464 524 15 1
465 525 28 0
465 525 15 0
466 526 8 1
466 526 18 0
467 527 2 0
467 527 26 0
468 528 0 0
468 528 17 1
469 529 9 0
469 529 4 0
470 530 11 0
470 530 12 1
471 531 1 1
471 531 4 0
472 532 6 0
472 532 0 0
473 533 2 0
473 533 22 0
474 534 17 0
474 534 12 0
475 535 2 1
475 535 12 0
476 536 17 1
476 536 18 1
477 537 26 0
477 537 16 0
478 538 24 0
478 538 17 0
479 539 16 1
479 539 0 0
480 540 12 0
480 540 24 0
481 541 21 0
481 541 3 0
482 542 15 0
482 542 7 0
483 543 2 1
483 543 26 1
484 544 9 0
484 544 22 0
485 545 22 0
485 545 16 0
486 546 14 0
486 546 23 0
487 547 0 0
487 547 7 0
488 548 8 1
488 548 6 0
489 549 29 0
489 549 5 0
490 550 7 0
490 550 26 0
491 551 28 0
491 551 7 0
492 552 22 0
492 552 9 0
493 553 5 0
493 553 2 0
494 554 5 0
494 554 0 0
495 555 13 0
495 555 2 0
496 556 17 0
496 556 7 0
497 557 20 0
497 557 20 0
498 558 12 0
498 558 13 0
499 559 14 0
499 559 17 0
500 560 17 0
500 560 26 1
501 561 9 0
501 561 5 0
502 562 9 0
502 562 12 0
503 563 20 0
503 563 11 0
504 564 13 0
504 564 28 1
505 565 16 1
505 565 15 1
506 566 27 0
506 566 9 0
507 567 11 1
507 567 20 0
508 568 28 0
508 568 21 0
509 569 16 1
509 569 25 1
510 570 17 0
510 570 10 0
511 571 4 0
511 571 23 0
512 572 16 0
512 572 0 0
513 573 12 1
513 573 3 1
514 574 27 0
514 574 11 1
515 575 1 1
515 575 5 1
516 576 28 1
516 576 20 1
517 577 19 1
517 577 16 1
518 578 28 0
518 578 16 0
519 579 9 1
519 579 11 1
520 580 9 1
520 580 28 1
521 581 17 1
521 581 8 0
522 582 29 0
522 582 17 1
523 583 3 0
523 583 28 1
524 584 11 0
524 584 21 0
525 585 13 1
525 585 18 1
526 586 17 1
526 586 26 0
527 587 24 1
527 587 16 1
528 588 26 0
528 588 18 0
529 589 13 1
529 589 13 1
530 590 9 1
530 590 13 1
531 591 4 1
531 591 21 0
532 592 27 1
532 592 26 1
533 593 6 1
533 593 6 1
534 594 1 1
534 594 8 1
535 595 1 1
535 595 12 1
536 596 26 1
536 596 0 0
537 597 17 0
537 597 13 0
538 598 14 1
538 598 21 1
539 599 14 1
539 599 1 1
540 600 17 1
540 600 14 1
541 601 27 0
541 601 18 1
542 602 13 0
542 602 8 1
543 603 28 1
543 603 0 1
544 604 14 1
544 604 28 1
545 605 9 1
545 605 9 1
546 606 0 1
546 606 21 0
547 607 9 1
547 607 13 1
548 608 6 0
548 608 26 0
549 609 16 1
549 609 10 1
550 610 18 1
550 610 24 1
551 611 0 1
551 611 4 1
552 612 23 1
552 612 3 1
553 613 26 1
553 613 16 0
554 614 13 1
554 614 3 1
555 615 28 1
555 615 20 1
556 616 1 1
556 616 18 1
557 617 7 0
557 617 13 1
558 618 7 1
558 618 26 1
559 619 26 1
559 619 21 1
560 620 20 1
560 620 18 1
561 621 2 1
561 621 6 1
562 622 9 1
562 622 22 1
563 623 26 1
563 623 2 1
564 624 0 1
564 624 9 1
565 625 16 1
565 625 1 1
566 626 13 1
566 626 28 1
567 627 21 0
567 627 0 0
568 628 20 1
568 628 14 1
569 629 20 0
569 629 12 0
570 630 13 1
570 630 14 1
571 631 28 1
571 631 21 1
572 632 17 1
572 632 28 1
573 633 1 0
573 633 28 0
574 634 16 1
574 634 1 1
575 635 14 0
575 635 26 0
576 636 22 1
576 636 2 0
577 637 14 0
577 637 24 0
578 638 26 1
578 638 5 0
579 639 27 1
579 639 9 0
580 640 16 0
580 640 28 0
581 641 2 0
581 641 21 0
582 642 13 0
582 642 16 0
583 643 19 1
583 643 13 1
584 644 9 0
584 644 20 0
585 645 4 1
585 645 11 0
586 646 16 1
586 646 20 1
587 647 26 1
587 647 20 0
588 648 6 1
588 648 17 1
589 649 15 0
589 649 20 1
590 650 26 0
590 650 18 0
591 651 19 0
591 651 9 0
592 652 8 0
592 652 15 0
593 653 16 0
593 653 13 0
594 654 7 0
594 654 11 1
595 655 4 0
595 655 14 0
596 656 26 1
596 656 25 0
597 657 0 0
597 657 16 0
598 658 6 0
598 658 26 0
599 659 20 0
599 659 4 1
600 660 13 0
600 660 21 0
601 661 15 0
601 661 27 0
602 662 13 0
602 662 17 0
603 663 2 1
603 663 21 1
604 664 21 1
604 664 20 0
605 665 11 0
605 665 18 0
606 666 19 1
606 666 20 0
607 667 9 0
607 667 20 0
608 668 17 0
608 668 9 0
609 669 3 0
609 669 8 0
610 670 22 1
610 670 6 0
611 671 27 0
611 671 9 0
612 672 13 0
612 672 10 0
613 673 28 1
613 673 1 0
614 674 28 0
614 674 14 0
615 675 16 0
615 675 4 0
616 676 16 0
616 676 28 0
617 677 12 0
617 677 26 0
618 678 13 0
618 678 13 0
619 679 17 0
619 679 21 0
620 680 18 0
620 680 8 0
621 681 1 0
621 681 8 0
622 682 20 0
622 682 16 0
623 683 2 0
623 683 23 0
624 684 0 0
624 684 9 0
625 685 22 0
625 685 11 0
626 686 28 0
626 686 1 0
627 687 29 1
627 687 17 1
628 688 28 0
628 688 17 0
629 689 14 1
629 689 16 1
630 690 16 0
630 690 0 0
631 691 3 0
631 691 3 1
632 692 3 1
632 692 6 0
633 693 20 1
633 693 17 0
634 694 16 0
634 694 13 0
635 695 14 0
635 695 12 0
636 696 5 1
636 696 18 0
637 697 20 1
637 697 28 0
638 698 4 1
638 698 14 1
639 699 1 1
639 699 8 1
640 700 6 1
640 700 21 1
641 701 20 1
641 701 9 0
642 702 28 1
642 702 16 0
643 703 11 1
643 703 24 1
644 704 1 0
644 704 20 0
645 705 21 1
645 705 18 1
646 706 13 1
646 706 26 0
647 707 6 0
647 707 14 0
648 708 11 0
648 708 22 0
649 709 14 1
649 709 9 1
650 710 6 1
650 710 17 0
651 711 21 1
651 711 12 1
652 712 13 1
652 712 13 1
653 713 13 1
653 713 9 1
654 714 20 0
654 714 7 0
655 715 17 1
655 715 28 1
656 716 28 0
656 716 6 1
657 717 14 1
657 717 17 1
658 718 8 1
658 718 21 1
659 719 2 1
659 719 6 1
660 720 9 1
660 720 4 1
661 721 11 1
661 721 8 0
662 722 21 1
662 722 14 1
663 723 13 0
663 723 4 1
664 724 21 0
664 724 26 0
665 725 3 0
665 725 26 1
666 726 26 1
666 726 14 1
667 727 8 0
667 727 11 1
668 728 1 1
668 728 2 1
669 729 4 1
669 729 25 1
670 730 17 1
670 730 5 1
671 731 2 1
671 731 0 1
672 732 27 1
672 732 13 1
673 733 20 0
673 733 16 1
674 734 21 1
674 734 13 1
675 735 25 1
675 735 20 0
676 736 22 1
676 736 21 1
677 737 2 1
677 737 22 1
678 738 12 1
678 738 18 1
679 739 4 0
679 739 21 1
680 740 20 1
680 740 14 1
681 741 12 1
681 741 11 1
682 742 0 1
682 742 11 0
683 743 14 1
683 743 2 1
684 744 7 1
684 744 2 0
685 745 2 1
685 745 28 0
686 746 12 1
686 746 16 1
687 747 18 1
687 747 25 1
688 748 26 1
688 748 8 0
689 749 24 1
689 749 4 1
690 750 19 1
690 750 0 0
691 751 0 1
691 751 4 1
692 752 29 0
692 752 27 1
693 753 17 1
693 753 22 0
694 754 25 1
694 754 1 1
695 755 16 1
695 755 9 1
696 756 14 1
696 756 17 0
697 757 14 1
697 757 22 1
698 758 24 1
698 758 4 1
699 759 0 1
699 759 13 1
700 760 11 0
700 760 1 0
701 761 17 1
701 761 26 0
702 762 20 1
702 762 16 0
703 763 14 0
703 763 21 0
704 764 13 0
704 764 16 0
705 765 14 0
705 765 13 1
706 766 4 0
706 766 13 0
707 767 21 1
707 767 27 1
708 768 28 0
708 768 16 1
709 769 24 1
709 769 0 0
710 770 14 0
710 770 24 1
711 771 2 0
711 771 17 0
712 772 16 0
712 772 8 0
713 773 16 0
713 773 20 1
714 774 11 0
714 774 9 1
715 775 12 0
715 775 0 1
716 776 0 1
716 776 16 0
717 777 5 0
717 777 9 1
718 778 3 0
718 778 13 0
719 779 9 0
719 779 11 0
720 780 1 0
720 780 27 0
721 781 14 0
721 781 4 0
722 782 14 0
722 782 2 0
723 783 14 0
723 783 17 0
724 784 12 1
724 784 22 1
725 785 14 0
725 785 24 1
726 786 20 0
726 786 18 0
727 787 1 1
727 787 13 0
728 788 22 1
728 788 13 0
729 789 20 0
729 789 13 0
730 790 21 0
730 790 6 0
731 791 21 0
731 791 8 0
732 792 28 0
732 792 26 0
733 793 5 0
733 793 19 0
734 794 9 0
734 794 9 0
735 795 11 1
735 795 10 1
736 796 28 0
736 796 22 0
737 797 20 0
737 797 28 0
738 798 11 1
738 798 6 0
739 799 1 0
739 799 11 0
740 800 20 0
740 800 14 0
741 801 12 0
741 801 12 0
742 802 8 0
742 802 17 0
743 803 2 0
743 803 17 0
744 804 9 1
744 804 9 1
745 805 11 1
745 805 21 0
746 806 22 0
746 806 13 0
747 807 19 0
747 807 14 0
748 808 14 0
748 808 23 1
749 809 16 0
749 809 0 0
750 810 0 0
750 810 26 0
751 811 12 0
751 811 26 0
752 812 13 1
752 812 13 0
753 813 11 1
753 813 26 0
754 814 4 1
754 814 26 0
755 815 7 0
755 815 8 0
756 816 17 0
756 816 14 0
757 817 0 1
757 817 28 1
758 818 8 0
758 818 5 1
759 819 22 0
759 819 8 0
760 820 11 0
760 820 9 0
761 821 1 0
761 821 0 1
762 822 23 1
762 822 16 0
763 823 13 1
763 823 20 1
764 824 13 0
764 824 26 1
765 825 26 1
765 825 25 1
766 826 3 0
766 826 4 0
767 827 20 1
767 827 4 1
768 828 22 1
768 828 17 0
769 829 26 0
769 829 22 1
770 830 6 0
770 830 2 0
771 831 9 1
771 831 25 1
772 832 26 1
772 832 27 1
773 833 16 1
773 833 3 0
774 834 21 0
774 834 2 0
775 835 13 0
775 835 11 1
776 836 22 1
776 836 10 1
777 837 5 1
777 837 0 0
778 838 24 0
778 838 1 1
779 839 28 1
779 839 6 1
780 840 19 1
780 840 8 1
781 841 11 1
781 841 8 1
782 842 17 1
782 842 11 1
783 843 0 1
783 843 17 1
784 844 22 1
784 844 22 0
785 845 22 1
785 845 21 0
786 846 17 1
786 846 14 1
787 847 0 1
787 847 15 1
788 848 19 0
788 848 26 0
789 849 21 1
789 849 27 1
790 850 21 1
790 850 8 1
791 851 11 1
791 851 1 1
792 852 24 1
792 852 16 1
793 853 2 1
793 853 22 1
794 854 0 1
794 854 18 1
795 855 2 0
795 855 8 1
796 856 26 1
796 856 10 0
797 857 20 0
797 857 9 1
798 858 1 1
798 858 1 1
799 859 1 1
799 859 17 1
800 860 21 0
800 860 22 0
801 861 12 1
801 861 17 1
802 862 16 1
802 862 15 1
803 863 8 1
803 863 14 1
804 864 22 1
804 864 9 1
805 865 28 1
805 865 11 0
806 866 25 1
806 866 28 1
807 867 8 1
807 867 2 0
808 868 21 1
808 868 26 1
809 869 1 1
809 869 13 1
810 870 7 1
810 870 2 1
811 871 15 1
811 871 23 0
812 872 22 1
812 872 9 1
813 873 13 0
813 873 27 1
814 874 9 1
814 874 20 0
815 875 21 1
815 875 25 1
816 876 9 0
816 876 0 1
817 877 22 1
817 877 17 1
818 878 21 0
818 878 9 0
819 879 12 0
819 879 0 0
820 880 13 1
820 880 17 1
821 881 17 1
821 881 2 1
822 882 5 1
822 882 1 1
823 883 0 0
823 883 13 0
824 884 15 1
824 884 0 0
825 885 28 0
825 885 4 0
826 886 12 1
826 886 13 1
827 887 21 0
827 887 16 0
828 888 11 0
828 888 23 1
829 889 18 1
829 889 22 0
830 890 11 1
830 890 16 1
831 891 8 0
831 891 21 1
832 892 1 0
832 892 5 0
833 893 24 1
833 893 2 1
834 894 6 0
834 894 22 0
835 895 17 1
835 895 22 1
836 896 6 0
836 896 9 0
837 897 16 0
837 897 16 0
838 898 3 0
838 898 0 1
839 899 4 0
839 899 28 0
840 900 12 1
840 900 21 0
841 901 26 1
841 901 9 0
842 902 22 0
842 902 26 1
843 903 20 0
843 903 26 0
844 904 4 0
844 904 6 0
845 905 9 0
845 905 22 0
846 906 22 0
846 906 14 0
847 907 24 0
847 907 23 0
848 908 15 1
848 908 16 1
849 909 14 0
849 909 0 0
850 910 11 0
850 910 8 0
851 911 18 0
851 911 5 0
852 912 10 0
852 912 16 0
853 913 28 1
853 913 18 1
854 914 17 0
854 914 0 0
855 915 8 0
855 915 26 0
856 916 11 1
856 916 4 0
857 917 6 0
857 917 19 0
858 918 22 0
858 918 15 0
859 919 26 0
859 919 0 0
860 920 9 0
860 920 23 1
861 921 26 0
861 921 20 1
862 922 4 0
862 922 25 0
863 923 29 1
863 923 16 1
864 924 17 0
864 924 18 0
865 925 14 0
865 925 22 0
866 926 28 0
866 926 9 0
867 927 18 0
867 927 18 0
868 928 4 0
868 928 24 0
869 929 27 0
869 929 10 1
870 930 6 0
870 930 28 1
871 931 27 0
871 931 17 0
872 932 17 0
872 932 0 0
873 933 27 0
873 933 11 0
874 934 9 0
874 934 24 1
875 935 2 0
875 935 20 0
876 936 11 1
876 936 26 0
877 937 20 1
877 937 7 0
878 938 7 1
878 938 14 0
879 939 28 1
879 939 19 0
880 940 16 0
880 940 4 0
881 941 9 0
881 941 22 0
882 942 27 0
882 942 18 0
883 943 20 1
883 943 29 1
884 944 1 0
884 944 4 1
885 945 21 1
885 945 7 1
886 946 28 0
886 946 0 1
887 947 21 1
887 947 9 1
888 948 0 0
888 948 12 1
889 949 26 0
889 949 8 1
890 950 1 1
890 950 8 0
891 951 1 0
891 951 22 0
892 952 14 1
892 952 1 1
893 953 17 0
893 953 18 0
894 954 27 0
894 954 26 1
895 955 16 1
895 955 5 0
896 956 28 1
896 956 24 0
897 957 11 1
897 957 17 1
898 958 11 0
898 958 22 0
899 959 21 1
899 959 24 1
900 960 28 1
900 960 28 1
901 961 2 0
901 961 7 1
902 962 16 0
902 962 12 0
903 963 0 1
903 963 1 0
904 964 18 1
904 964 12 1
905 965 21 1
905 965 9 1
906 966 0 0
906 966 6 1
907 967 12 1
907 967 24 1
908 968 21 1
908 968 27 0
909 969 12 1
909 969 18 0
910 970 25 1
910 970 17 1
911 971 1 1
911 971 0 1
912 972 0 1
912 972 14 1
913 973 17 1
913 973 16 1
914 974 8 0
914 974 16 1
915 975 16 1
915 975 2 1
916 976 28 1
916 976 21 1
917 977 9 1
917 977 0 1
918 978 16 1
918 978 22 1
919 979 22 1
919 979 25 0
920 980 17 0
920 980 14 1
921 981 9 1
921 981 16 1
922 982 2 1
922 982 26 1
923 983 13 1
923 983 24 0
924 984 3 1
924 984 12 1
925 985 7 1
925 985 0 1
926 986 22 1
926 986 8 0
927 987 16 0
927 987 21 1
928 988 27 1
928 988 5 1
929 989 20 1
929 989 16 1
930 990 9 1
930 990 12 1
931 991 1 1
931 991 3 1
932 992 29 1
932 992 16 1
933 993 16 1
933 993 8 1
934 994 22 1
934 994 4 1
935 995 2 0
935 995 29 0
936 996 13 1
936 996 14 1
937 997 19 1
937 997 3 1
938 998 17 0
938 998 25 0
939 999 9 1
939 999 13 0
940 1000 17 1
940 1000 1 1
941 1001 25 1
941 1001 7 1
942 1002 11 0
942 1002 28 1
943 1003 8 1
943 1003 17 0
944 1004 16 0
944 1004 18 0
945 1005 7 0
945 1005 26 0
946 1006 28 1
946 1006 18 1
947 1007 6 0
947 1007 7 0
948 1008 16 1
948 1008 22 1
949 1009 13 0
949 1009 26 0
950 1010 14 1
950 1010 2 0
951 1011 0 0
951 1011 9 1
952 1012 4 1
952 1012 2 1
953 1013 22 1
953 1013 28 0
954 1014 20 1
954 1014 29 0
955 1015 20 0
955 1015 2 1
956 1016 9 1
956 1016 3 1
957 1017 14 0
957 1017 28 0
958 1018 22 1
958 1018 1 1
959 1019 9 0
959 1019 11 0
960 1020 21 0
960 1020 13 0
961 1021 4 0
961 1021 28 0
962 1022 22 1
962 1022 10 0
963 1023 13 1
963 1023 18 1
964 1024 20 1
964 1024 8 1
965 1025 28 0
965 1025 21 0
966 1026 8 0
966 1026 11 0
967 1027 24 0
967 1027 24 0
968 1028 20 1
968 1028 16 1
969 1029 8 0
969 1029 0 0
970 1030 15 0
970 1030 6 0
971 1031 11 0
971 1031 11 0
972 1032 7 0
972 1032 9 0
973 1033 21 0
973 1033 13 1
974 1034 11 0
974 1034 0 1
975 1035 14 0
975 1035 8 0
976 1036 28 0
976 1036 1 0
977 1037 16 0
977 1037 26 0
978 1038 22 0
978 1038 20 0
979 1039 16 1
979 1039 6 0
980 1040 1 0
980 1040 16 0
981 1041 9 0
981 1041 18 0
982 1042 26 0
982 1042 28 1
983 1043 14 0
983 1043 22 0
984 1044 8 0
984 1044 12 0
985 1045 9 0
985 1045 26 0
986 1046 21 0
986 1046 3 1
987 1047 13 1
987 1047 21 1
988 1048 17 1
988 1048 28 0
989 1049 5 1
989 1049 28 0
990 1050 17 0
990 1050 26 0
991 1051 9 0
991 1051 22 0
992 1052 15 0
992 1052 20 0
993 1053 1 0
993 1053 11 0
994 1054 13 0
994 1054 0 0
995 1055 16 0
995 1055 20 1
996 1056 5 0
996 1056 13 0
997 1057 0 0
997 1057 21 1
998 1058 27 0
998 1058 23 1
999 1059 9 0
999 1059 8 0
1000 1060 0 0
1000 1060 20 0
1001 1061 0 0
1001 1061 21 0
1002 1062 12 0
1002 1062 22 0
1003 1063 16 0
1003 1063 2 0
1004 1064 24 1
1004 1064 13 1
1005 1065 1 1
1005 1065 13 1
1006 1066 3 0
1006 1066 3 1
1007 1067 20 1
1007 1067 21 0
1008 1068 7 0
1008 1068 3 0
1009 1069 4 1
1009 1069 13 1
1010 1070 23 0
1010 1070 28 1
1011 1071 8 1
1011 1071 25 1
1012 1072 22 0
1012 1072 2 0
1013 1073 0 1
1013 1073 7 0
1014 1074 0 0
1014 1074 27 1
1015 1075 4 0
1015 1075 20 1
1016 1076 3 0
1016 1076 16 0
1017 1077 29 0
1017 1077 14 0
1018 1078 11 0
1018 1078 17 0
1019 1079 1 1
1019 1079 13 1
1020 1080 19 1
1020 1080 24 1
1021 1081 18 1
1021 1081 17 1
1022 1082 16 1
1022 1082 9 1
1023 1083 14 1
1023 1083 20 0
1024 1084 17 1
1024 1084 4 0
1025 1085 5 1
1025 1085 1 0
1026 1086 20 1
1026 1086 5 1
1027 1087 28 1
1027 1087 25 1
1028 1088 11 1
1028 1088 4 1
1029 1089 18 0
1029 1089 13 0
1030 1090 13 1
1030 1090 13 1
1031 1091 17 1
1031 1091 13 1
1032 1092 28 0
1032 1092 17 1
1033 1093 24 1
1033 1093 26 1
1034 1094 22 0
1034 1094 0 0
1035 1095 13 1
1035 1095 24 0
1036 1096 20 1
1036 1096 29 1
1037 1097 19 1
1037 1097 5 1
1038 1098 18 0
1038 1098 9 0
1039 1099 23 1
1039 1099 21 1
1040 1100 24 0
1040 1100 14 1
1041 1101 28 0
1041 1101 22 1
1042 1102 25 1
1042 1102 27 1
1043 1103 22 0
1043 1103 13 1
1044 1104 28 1
1044 1104 17 1
1045 1105 9 1
1045 1105 22 1
1046 1106 27 1
1046 1106 14 1
1047 1107 23 1
1047 1107 16 1
1048 1108 1 1
1048 1108 9 1
1049 1109 9 0
1049 1109 12 1
1050 1110 13 1
1050 1110 1 1
1051 1111 25 1
1051 1111 21 1
1052 1112 11 1
1052 1112 11 0
1053 1113 28 0
1053 1113 12 1
1054 1114 22 1
1054 1114 9 1
1055 1115 12 0
1055 1115 16 1
1056 1116 11 1
1056 1116 14 0
1057 1117 27 1
1057 1117 25 1
1058 1118 0 1
1058 1118 1 1
1059 1119 16 1
1059 1119 28 1
1060 1120 1 1
1060 1120 27 1
1061 1121 25 1
1061 1121 25 1
1062 1122 17 1
1062 1122 22 1
1063 1123 13 0
1063 1123 13 1
1064 1124 2 1
1064 1124 22 1
1065 1125 3 1
1065 1125 21 0
1066 1126 11 0
1066 1126 4 1
1067 1127 22 0
1067 1127 29 1
1068 1128 3 0
1068 1128 8 0
1069 1129 1 1
1069 1129 0 0
1070 1130 18 1
1070 1130 13 1
1071 1131 16 0
1071 1131 24 0
1072 1132 4 1
1072 1132 28 0
1073 1133 22 1
1073 1133 4 1
1074 1134 27 0
1074 1134 11 0
1075 1135 26 1
1075 1135 13 1
1076 1136 2 1
1076 1136 21 0
1077 1137 5 1
1077 1137 16 1
1078 1138 25 1
1078 1138 4 1
1079 1139 9 1
1079 1139 1 1
1080 1140 25 0
1080 1140 20 0
1081 1141 0 0
1081 1141 8 0
1082 1142 24 0
1082 1142 24 0
1083 1143 4 0
1083 1143 25 0
1084 1144 25 0
1084 1144 16 0
1085 1145 26 1
1085 1145 24 0
1086 1146 22 1
1086 1146 17 1
1087 1147 1 0
1087 1147 12 0
1088 1148 5 0
1088 1148 28 0
1089 1149 5 1
1089 1149 23 0
1090 1150 11 0
1090 1150 1 0
1091 1151 0 0
1091 1151 0 0
1092 1152 14 0
1092 1152 14 1
1093 1153 2 0
1093 1153 21 0
1094 1154 22 1
1094 1154 21 0
1095 1155 2 1
1095 1155 19 0
1096 1156 17 0
1096 1156 1 1
1097 1157 4 0
1097 1157 9 0
1098 1158 20 1
1098 1158 14 1
1099 1159 16 0
1099 1159 16 0
1100 1160 2 0
1100 1160 16 1
1101 1161 23 0
1101 1161 15 0
1102 1162 26 1
1102 1162 8 0
1103 1163 11 0
1103 1163 11 0
1104 1164 21 0
1104 1164 16 0
1105 1165 16 0
1105 1165 18 1
1106 1166 28 0
1106 1166 13 0
1107 1167 26 0
1107 1167 8 1
1108 1168 16 0
1108 1168 13 0
1109 1169 22 0
1109 1169 21 0
1110 1170 21 0
1110 1170 16 0
1111 1171 22 0
1111 1171 21 0
1112 1172 9 1
1112 1172 20 0
1113 1173 13 0
1113 1173 13 0
1114 1174 22 1
1114 1174 27 1
1115 1175 21 0
1115 1175 22 0
1116 1176 24 0
1116 1176 25 1
1117 1177 16 0
1117 1177 5 0
1118 1178 17 0
1118 1178 14 0
1119 1179 1 0
1119 1179 14 0
1120 1180 17 0
1120 1180 5 0
1121 1181 27 0
1121 1181 5 0
1122 1182 17 0
1122 1182 29 0
1123 1183 12 1
1123 1183 22 0
1124 1184 1 0
1124 1184 13 0
1125 1185 9 0
1125 1185 20 0
1126 1186 9 0
1126 1186 15 1
1127 1187 25 0
1127 1187 8 1
1128 1188 17 0
1128 1188 13 1
1129 1189 28 1
1129 1189 12 1
1130 1190 19 0
1130 1190 25 0
1131 1191 6 1
1131 1191 0 0
1132 1192 22 0
1132 1192 21 1
1133 1193 10 1
1133 1193 28 0
1134 1194 2 1
1134 1194 17 1
1135 1195 25 1
1135 1195 22 1
1136 1196 16 0
1136 1196 14 0
1137 1197 26 0
1137 1197 20 0
1138 1198 3 0
1138 1198 20 0
1139 1199 20 0
1139 1199 3 0
1140 1200 9 1
1140 1200 0 1
1141 1201 8 1
1141 1201 26 1
1142 1202 5 1
1142 1202 22 1
1143 1203 5 1
1143 1203 1 0
1144 1204 21 1
1144 1204 16 1
1145 1205 3 1
1145 1205 21 0
1146 1206 8 1
1146 1206 22 1
1147 1207 22 0
1147 1207 20 0
1148 1208 16 0
1148 1208 3 1
1149 1209 14 0
1149 1209 22 1
1150 1210 9 1
1150 1210 22 0
1151 1211 11 1
1151 1211 17 1
1152 1212 11 0
1152 1212 22 1
1153 1213 8 1
1153 1213 9 1
1154 1214 9 1
1154 1214 28 1
1155 1215 22 1
1155 1215 26 1
1156 1216 2 1
1156 1216 22 1
1157 1217 3 1
1157 1217 1 0
1158 1218 22 0
1158 1218 1 0
1159 1219 9 1
1159 1219 14 1
1160 1220 14 0
1160 1220 28 1
1161 1221 0 1
1161 1221 13 1
1162 1222 1 0
1162 1222 14 1
1163 1223 29 0
1163 1223 28 1
1164 1224 22 1
1164 1224 3 1
1165 1225 16 1
1165 1225 13 0
1166 1226 26 1
1166 1226 9 1
1167 1227 26 1
1167 1227 12 1
1168 1228 25 1
1168 1228 12 1
1169 1229 9 0
1169 1229 16 1
1170 1230 12 1
1170 1230 10 1
1171 1231 19 0
1171 1231 22 1
1172 1232 7 1
1172 1232 20 1
1173 1233 4 1
1173 1233 7 1
1174 1234 7 1
1174 1234 11 1
1175 1235 16 1
1175 1235 13 1
1176 1236 26 1
1176 1236 26 0
1177 1237 14 1
1177 1237 5 1
1178 1238 4 0
1178 1238 14 0
1179 1239 1 1
1179 1239 13 1
1180 1240 17 0
1180 1240 24 1
1181 1241 25 1
1181 1241 19 1
1182 1242 20 1
1182 1242 2 1
1183 1243 21 0
1183 1243 26 1
1184 1244 22 1
1184 1244 12 1
1185 1245 29 1
1185 1245 27 0
1186 1246 22 1
1186 1246 1 0
1187 1247 13 1
1187 1247 21 1
1188 1248 13 1
1188 1248 2 1
1189 1249 21 1
1189 1249 20 0
1190 1250 17 1
1190 1250 15 1
1191 1251 16 0
1191 1251 8 1
1192 1252 17 0
1192 1252 4 1
1193 1253 24 1
1193 1253 16 0
1194 1254 28 0
1194 1254 1 1
1195 1255 16 1
1195 1255 23 0
1196 1256 2 1
1196 1256 2 0
1197 1257 21 0
1197 1257 13 0
1198 1258 1 1
1198 1258 13 1
1199 1259 28 1
1199 1259 11 1
