0 60 4 1
1 61 3 1
2 62 3 0
3 63 5 1
4 64 0 0
5 65 4 1
6 66 7 1
7 67 8 0
8 68 6 1
9 69 1 0
10 70 1 1
11 71 5 1
12 72 8 0
13 73 3 1
14 74 7 1
15 75 4 0
16 76 4 1
17 77 4 1
18 78 5 1
19 79 8 0
20 80 2 1
21 81 8 1
22 82 0 1
23 83 7 0
24 84 2 1
25 85 4 1
26 86 4 1
27 87 5 1
28 88 0 1
29 89 0 1
30 90 9 1
31 91 8 0
32 92 4 1
33 93 5 1
34 94 6 0
35 95 2 1
36 96 1 1
37 97 9 1
38 98 3 1
39 99 0 1
40 100 3 1
41 101 2 1
42 102 1 1
43 103 3 1
44 104 1 1
45 105 2 1
46 106 0 1
47 107 2 1
48 108 3 0
49 109 6 1
50 110 2 1
51 111 4 1
52 112 4 1
53 113 8 1
54 114 1 1
55 115 4 1
56 116 2 0
57 117 4 1
58 118 2 1
59 119 8 0
60 120 3 1
61 121 8 1
62 122 8 1
63 123 5 0
64 124 2 1
65 125 3 1
66 126 6 1
67 127 5 1
68 128 8 1
69 129 4 1
70 130 8 1
71 131 4 1
72 132 0 1
73 133 8 1
74 134 1 1
75 135 8 1
76 136 8 1
77 137 1 0
78 138 0 1
79 139 8 0
80 140 2 1
81 141 8 1
82 142 2 0
83 143 0 1
84 144 4 1
85 145 2 0
86 146 3 0
87 147 4 0
88 148 8 0
89 149 2 0
90 150 1 0
91 151 1 1
92 152 3 0
93 153 3 1
94 154 8 0
95 155 3 1
96 156 8 0
97 157 8 1
98 158 4 0
99 159 4 0
100 160 4 0
101 161 1 0
102 162 9 0
103 163 4 0
104 164 2 0
105 165 4 0
106 166 0 0
107 167 1 0
108 168 0 0
109 169 3 1
110 170 9 0
111 171 4 0
112 172 2 0
113 173 9 0
114 174 3 0
115 175 4 0
116 176 2 0
117 177 1 0
118 178 1 0
119 179 3 0
120 180 2 0
121 181 4 1
122 182 7 0
123 183 8 1
124 184 7 0
125 185 8 0
126 186 1 1
127 187 8 0
128 188 3 0
129 189 4 0
130 190 6 0
131 191 2 0
132 192 2 0
133 193 9 0
134 194 8 0
135 195 8 0
136 196 5 0
137 197 4 1
138 198 1 0
139 199 8 0
140 200 5 0
141 201 1 0
142 202 4 0
143 203 3 1
144 204 5 0
145 205 1 0
146 206 1 0
147 207 0 0
148 208 8 1
149 209 4 1
150 210 4 1
151 211 9 1
152 212 0 1
153 213 9 0
154 214 4 1
155 215 0 1
156 216 0 0
157 217 9 0
158 218 0 1
159 219 8 1
160 220 4 1
161 221 0 1
162 222 8 1
163 223 0 0
164 224 4 1
165 225 9 0
166 226 4 1
167 227 1 0
168 228 0 1
169 229 2 1
170 230 2 1
171 231 3 1
172 232 4 1
173 233 5 1
174 234 3 1
175 235 9 1
176 236 1 1
177 237 1 0
178 238 0 1
179 239 1 1
180 240 4 1
181 241 8 1
182 242 4 1
183 243 0 1
184 244 1 0
185 245 4 0
186 246 8 0
187 247 8 1
188 248 8 1
189 249 4 0
190 250 8 0
191 251 1 1
192 252 8 1
193 253 2 0
194 254 4 1
195 255 4 1
196 256 2 0
197 257 8 1
198 258 0 1
199 259 8 1
200 260 0 1
201 261 1 1
202 262 4 1
203 263 2 1
204 264 0 1
205 265 7 1
206 266 9 1
207 267 8 0
208 268 9 1
209 269 9 1
210 270 0 1
211 271 4 1
212 272 0 1
213 273 0 0
214 274 1 1
215 275 0 1
216 276 8 1
217 277 4 1
218 278 0 1
219 279 1 0
220 280 3 0
221 281 0 0
222 282 3 0
223 283 3 1
224 284 1 0
225 285 5 1
226 286 8 0
227 287 4 0
228 288 0 0
229 289 1 1
230 290 8 0
231 291 1 1
232 292 4 0
233 293 4 0
234 294 9 1
235 295 8 0
236 296 0 0
237 297 1 0
238 298 8 0
239 299 8 0
240 300 1 0
241 301 0 1
242 302 2 0
243 303 5 0
244 304 5 0
245 305 5 0
246 306 9 0
247 307 0 0
248 308 8 1
249 309 2 1
