0 177 0 0
0 175 7 0
1 187 9 1
1 179 6 1
2 181 6 1
2 184 4 1
3 181 1 1
3 183 19 1
4 184 18 1
4 179 28 1
5 186 22 1
5 185 18 1
6 181 27 1
6 188 6 1
7 181 23 0
7 184 11 1
8 194 0 1
8 190 20 1
9 191 15 1
9 190 12 1
10 186 28 1
10 187 13 1
11 191 1 1
11 190 24 1
12 187 26 1
12 190 16 1
13 197 7 1
13 191 26 1
14 195 0 1
14 191 24 1
15 194 22 1
15 197 24 0
16 200 1 1
16 195 19 1
17 196 14 1
17 195 10 1
18 195 9 1
18 196 26 1
19 201 28 1
19 203 5 1
20 200 6 1
20 198 11 1
21 204 27 1
21 202 1 1
22 206 7 1
22 207 20 1
23 202 21 1
23 201 10 1
24 201 25 1
24 198 5 1
25 209 28 1
25 200 23 1
26 205 12 1
26 208 14 1
27 210 21 1
27 209 18 0
28 212 5 1
28 205 21 1
29 212 18 1
29 215 10 1
30 210 24 1
30 208 10 1
31 217 26 1
31 211 4 1
32 215 26 1
32 210 0 1
33 210 0 1
33 214 1 1
34 217 0 1
34 210 28 1
35 213 24 1
35 214 14 1
36 213 0 1
36 219 14 1
37 217 0 1
37 215 0 1
38 223 28 1
38 218 29 0
39 219 1 0
39 222 24 1
40 219 8 1
40 221 19 1
41 223 1 1
41 222 13 1
42 221 28 1
42 223 6 1
43 219 15 1
43 221 29 1
44 222 2 1
44 223 3 1
45 225 15 1
45 229 24 1
46 223 24 1
46 223 14 1
47 231 14 1
47 224 26 1
48 225 8 1
48 229 28 1
49 229 21 1
49 224 0 1
50 227 14 1
50 233 1 1
51 232 9 0
51 231 17 1
52 230 0 0
52 233 23 1
53 230 21 1
53 237 5 1
54 238 10 1
54 239 28 0
55 240 18 1
55 240 13 1
56 236 4 1
56 235 5 1
57 232 10 0
57 238 21 1
58 239 20 1
58 239 28 1
59 242 18 1
59 240 20 1
60 241 24 1
60 242 21 1
61 244 10 0
61 240 28 1
62 239 5 1
62 243 5 1
63 246 21 1
63 244 24 1
64 244 27 0
64 245 1 1
65 245 7 1
65 248 20 1
66 248 9 1
66 244 10 1
67 244 21 1
67 249 20 1
68 252 19 1
68 247 21 1
69 245 29 1
69 248 10 1
70 249 26 1
70 254 2 0
71 252 12 1
71 246 0 1
72 251 26 1
72 248 26 0
73 249 27 0
73 251 25 1
74 256 27 1
74 257 9 1
75 255 8 1
75 258 8 1
76 260 6 1
76 255 17 1
77 257 21 1
77 256 23 1
78 259 27 1
78 257 14 1
79 261 29 0
79 261 9 1
80 260 20 1
80 263 6 1
81 262 19 1
81 258 14 1
82 261 9 1
82 261 18 1
83 267 25 1
83 264 15 0
84 268 15 1
84 261 14 1
85 261 17 0
85 265 20 1
86 263 8 0
86 265 27 1
87 264 8 1
87 270 19 1
88 271 1 1
88 269 25 1
89 268 9 0
89 270 27 0
90 273 14 1
90 271 6 1
91 267 12 1
91 272 1 1
92 274 27 1
92 273 27 0
93 276 5 1
93 271 15 1
94 275 0 1
94 269 6 1
95 275 9 0
95 270 21 1
96 281 27 1
96 274 8 1
97 276 14 0
97 279 9 1
98 279 18 1
98 273 7 0
99 278 6 1
99 280 13 1
100 280 26 1
100 279 1 1
101 279 12 1
101 281 8 1
102 280 9 0
102 286 12 1
103 287 0 1
103 282 27 1
104 284 1 1
104 283 27 1
105 292 9 1
105 285 27 1
106 285 27 1
106 288 13 1
107 291 29 1
107 288 21 1
108 286 18 1
108 291 8 0
109 293 11 1
109 287 28 1
110 291 11 1
110 288 18 1
111 287 4 1
111 288 5 1
112 294 11 1
112 292 0 0
113 293 28 1
113 287 19 1
114 297 18 1
114 288 18 1
115 293 0 1
115 296 28 0
116 294 2 1
116 295 0 0
117 295 29 1
117 291 6 1
118 297 28 1
118 300 8 0
119 301 19 1
119 303 29 0
120 300 8 1
120 302 23 1
121 302 7 1
121 302 28 1
122 300 24 1
122 306 10 1
123 300 25 1
123 301 13 1
124 303 8 1
124 303 4 1
125 305 26 1
125 301 21 1
126 308 8 0
126 308 20 1
127 307 1 1
127 308 4 1
128 306 8 1
128 312 8 1
129 306 6 0
129 306 27 1
130 307 9 1
130 315 19 1
131 310 15 1
131 310 27 1
132 305 12 1
132 315 11 1
133 313 5 1
133 315 0 1
134 316 28 1
134 316 21 1
135 313 4 1
135 316 9 1
136 319 12 0
136 319 1 1
137 318 28 1
137 314 11 1
138 324 4 0
138 321 24 0
139 319 6 0
139 320 6 1
140 315 10 1
140 325 9 1
141 320 8 1
141 322 24 1
142 325 11 1
142 322 27 1
143 321 4 1
143 324 18 1
144 325 29 1
144 324 22 1
145 324 3 1
145 327 5 1
146 324 17 1
146 330 25 1
147 320 20 0
147 330 8 1
148 333 9 0
148 328 13 1
149 327 27 1
149 326 28 1
150 337 10 1
150 331 22 1
151 335 18 1
151 333 17 0
152 326 23 0
152 330 4 1
153 333 28 1
153 329 1 1
154 331 18 1
154 339 4 1
155 332 3 1
155 335 4 1
156 331 19 1
156 335 5 0
157 336 18 1
157 339 28 1
158 333 1 0
158 336 24 1
159 341 12 0
159 343 7 1
160 340 24 1
160 337 28 1
161 342 6 1
161 339 7 1
162 339 19 1
162 340 27 1
163 344 18 1
163 346 14 1
164 343 0 1
164 341 14 1
165 343 19 1
165 352 21 1
166 345 23 1
166 342 16 0
167 344 29 1
167 348 1 1
168 352 25 1
168 353 9 1
169 349 29 1
169 352 20 1
170 347 10 1
170 349 23 0
171 351 9 1
171 350 4 1
172 347 10 1
172 348 17 1
173 349 27 1
173 348 22 0
174 348 18 1
174 348 18 1
187 370 26 0
189 368 11 0
190 369 28 0
192 372 26 0
192 371 16 0
193 376 28 0
193 374 11 0
196 372 0 0
197 379 23 1
197 373 24 1
198 380 13 0
198 375 15 1
199 382 20 0
199 378 27 1
200 376 26 1
200 379 0 0
201 388 28 0
201 378 28 1
202 377 28 1
202 376 13 1
203 376 4 1
206 388 26 0
206 376 21 1
207 386 15 0
207 388 17 0
211 388 18 0
212 386 26 0
215 392 20 0
216 391 26 1
216 390 6 1
217 394 11 0
218 392 18 0
219 399 10 0
219 397 10 0
220 399 0 0
220 405 27 0
221 392 8 1
221 399 14 0
222 411 27 0
222 405 13 0
223 403 26 0
223 405 21 1
224 405 0 0
224 401 28 0
225 412 5 0
225 408 14 0
226 408 4 0
226 415 0 0
227 407 28 0
227 414 10 0
228 407 5 0
228 409 0 1
229 415 1 0
229 412 24 0
230 411 18 0
230 408 28 0
231 409 17 0
231 413 15 0
232 417 2 0
232 414 5 0
233 411 24 1
233 416 15 1
234 411 15 0
234 414 0 0
235 415 4 0
235 416 21 0
236 415 9 0
236 416 6 0
237 417 10 0
237 422 12 0
238 414 1 1
238 416 8 0
239 417 12 0
239 414 1 0
240 421 8 0
240 419 5 0
241 426 26 0
241 421 4 1
242 424 14 0
242 421 29 0
243 422 0 0
243 421 5 0
244 422 10 0
244 422 25 0
245 423 10 0
245 426 28 0
246 433 4 0
246 424 20 0
247 429 14 0
247 428 5 0
248 429 0 0
248 426 25 0
249 429 26 0
249 424 13 0
250 430 0 0
250 427 21 0
251 432 28 0
251 430 6 0
252 430 3 0
252 431 10 0
253 426 23 0
253 434 22 0
254 439 28 0
254 431 12 1
255 440 1 0
255 435 18 0
256 438 14 1
256 436 9 0
257 436 27 0
257 438 21 0
258 436 14 0
258 436 29 0
259 441 4 0
259 443 21 1
260 441 6 0
260 445 17 1
261 444 8 0
261 440 25 0
262 437 23 0
262 443 14 0
263 436 1 1
263 442 9 0
264 441 9 0
264 449 26 0
265 443 19 0
265 446 12 0
266 449 0 0
266 445 4 0
267 450 28 0
267 445 5 0
268 450 23 0
268 446 16 0
269 445 27 0
269 449 3 0
270 447 1 0
270 454 7 0
271 454 6 0
271 456 20 0
272 451 14 0
272 452 8 0
273 453 15 0
273 450 23 1
274 453 15 0
274 457 12 0
275 457 24 1
275 461 3 0
276 458 2 0
276 455 5 1
277 452 0 1
277 459 26 1
278 456 2 0
278 460 20 0
279 462 8 0
279 461 8 0
280 463 19 0
280 463 26 0
281 461 22 0
281 459 5 1
282 459 8 0
282 462 19 1
283 455 1 0
283 466 19 0
284 466 3 0
284 463 23 1
285 462 23 0
285 468 9 0
286 468 23 0
286 469 1 0
287 465 19 0
287 466 5 0
288 471 12 0
288 473 22 0
289 465 9 1
289 469 0 0
290 473 1 0
290 474 20 1
291 468 10 1
291 470 29 0
292 469 9 1
292 471 2 1
293 474 5 1
293 470 26 0
294 474 21 0
294 475 2 1
295 481 6 0
295 472 1 0
296 477 16 0
296 479 8 1
297 477 2 0
297 476 21 0
298 476 18 1
298 482 4 0
299 476 11 0
299 478 25 1
300 478 17 0
300 478 8 0
301 483 18 0
301 479 23 1
302 486 9 0
302 483 28 0
303 485 2 0
303 479 8 0
304 481 19 0
304 478 25 0
305 484 17 0
305 482 24 0
306 487 8 0
306 486 11 0
307 495 20 1
307 490 17 0
308 485 11 0
308 490 23 0
309 483 26 1
309 491 4 0
310 488 19 0
310 493 4 0
311 493 24 0
311 494 24 0
312 491 9 1
312 493 21 0
313 498 9 0
313 494 4 0
314 492 25 0
314 502 12 0
315 493 27 0
315 489 17 0
316 497 12 0
316 497 0 1
317 495 4 0
317 495 24 0
318 496 24 0
318 501 18 0
319 499 13 1
319 499 15 0
320 502 19 0
320 502 28 0
321 502 13 0
321 498 28 0
322 501 10 0
322 505 21 0
323 503 8 0
323 500 21 0
324 504 22 0
324 502 17 0
325 503 6 0
325 501 27 0
326 502 11 0
326 507 3 0
327 510 21 0
327 501 24 0
328 510 20 0
328 508 16 1
329 507 14 1
329 508 18 0
330 508 14 0
330 506 28 1
331 514 8 0
331 514 0 1
332 512 9 0
332 512 21 0
333 515 1 0
333 509 10 0
334 517 21 0
334 513 20 1
335 511 18 0
335 518 7 0
336 514 7 0
336 517 18 0
337 514 18 0
337 508 27 0
338 518 14 0
338 517 16 1
339 522 25 1
339 515 15 1
340 522 27 0
340 521 1 0
341 521 1 0
341 521 4 0
342 526 18 0
342 524 20 0
343 531 21 0
343 530 12 0
344 525 27 0
344 527 29 0
345 527 18 0
345 521 27 0
346 528 9 1
346 524 1 0
347 527 18 0
347 522 21 0
348 526 13 0
348 529 10 0
349 527 28 0
349 531 14 0
350 526 2 0
350 528 18 0
351 531 14 0
351 527 20 0
352 538 9 1
352 530 26 0
353 531 15 1
353 534 1 0
354 533 16 0
354 533 10 0
355 533 17 0
355 535 14 1
356 537 19 0
356 535 12 0
357 537 27 0
357 533 8 0
358 539 0 0
358 543 27 0
359 537 27 0
359 537 0 0
360 545 0 0
360 534 7 1
361 540 19 0
361 536 28 1
362 543 22 1
362 537 15 1
363 544 21 0
363 541 15 1
364 537 9 1
364 540 11 1
365 541 8 1
365 547 6 0
366 551 5 1
366 544 21 1
367 545 27 1
367 548 4 1
368 558 27 1
368 550 0 1
369 552 18 1
369 547 14 1
370 547 10 1
370 550 27 1
371 548 1 1
371 551 1 1
372 555 14 1
372 550 5 1
373 552 1 1
373 557 10 1
374 553 29 1
374 556 11 1
375 559 19 0
375 551 1 1
376 555 9 1
376 557 28 1
377 559 27 0
377 565 29 0
378 561 3 1
378 557 15 0
379 552 2 0
379 558 10 1
380 557 10 1
380 561 15 1
381 562 27 0
381 564 29 1
382 556 0 1
382 564 27 1
383 561 8 1
383 562 6 1
384 563 24 1
384 567 15 1
385 567 0 1
385 569 5 1
386 567 6 1
386 570 26 1
387 569 25 1
387 564 24 1
388 563 7 1
388 567 27 1
389 567 7 1
389 569 21 1
390 567 0 1
390 570 0 1
391 571 18 1
391 567 27 0
392 571 23 0
392 569 4 0
393 577 21 1
393 569 6 1
394 570 23 1
394 569 27 0
395 576 27 1
395 572 18 1
396 578 27 0
396 576 27 1
397 579 12 1
397 574 5 1
398 572 18 1
398 578 9 1
399 572 3 1
399 577 15 1
400 576 8 1
400 581 14 1
401 582 14 1
401 585 18 1
402 580 1 1
402 580 9 1
403 586 5 1
403 583 1 1
404 584 21 1
404 586 15 1
405 582 24 1
405 585 10 1
406 590 2 1
406 592 2 1
407 587 27 1
407 587 27 1
408 581 21 1
408 587 27 1
409 589 2 1
409 590 29 1
410 589 21 1
410 589 1 1
411 591 1 1
411 588 22 1
412 591 2 1
412 590 26 1
413 593 10 0
413 593 18 1
414 597 15 1
414 594 9 1
415 598 18 1
415 591 19 1
416 600 28 1
416 596 8 1
417 598 5 0
417 595 0 1
418 598 4 1
418 601 26 0
419 602 4 1
419 598 21 1
420 598 29 1
420 602 26 1
421 600 27 1
421 602 28 1
422 605 5 0
422 607 20 1
423 604 22 1
423 599 19 0
424 605 9 1
424 606 10 1
425 608 14 1
425 605 18 0
426 597 16 1
426 603 1 0
427 606 19 1
427 607 27 1
428 609 20 0
428 611 27 1
429 609 14 1
429 609 6 1
430 611 0 1
430 612 18 1
431 608 6 1
431 609 11 1
432 608 7 1
432 615 10 1
433 614 13 1
433 613 12 1
434 611 4 1
434 617 23 1
435 615 18 1
435 618 11 1
436 617 29 0
436 619 19 1
437 613 9 0
437 614 20 1
438 616 1 1
438 620 5 1
439 621 20 1
439 617 12 1
440 618 14 1
440 623 14 1
441 620 8 1
441 623 27 1
442 618 8 0
442 621 5 1
443 626 0 1
443 620 19 1
444 627 24 1
444 624 27 1
445 622 1 1
445 631 22 1
446 619 22 0
446 626 18 1
447 623 28 1
447 629 18 1
448 625 12 0
448 627 2 1
449 632 19 1
449 628 0 1
450 628 22 1
450 630 29 0
451 634 26 1
451 639 5 1
452 633 21 1
452 629 0 1
453 634 24 1
453 637 14 1
454 639 8 1
454 633 1 1
455 635 15 1
455 636 22 1
456 638 4 1
456 641 21 1
457 642 19 1
457 634 20 0
458 640 15 1
458 637 27 1
459 644 12 0
459 633 14 1
460 640 7 0
460 639 9 0
461 642 18 0
461 646 7 0
462 641 10 1
462 644 1 1
463 645 8 1
463 644 5 1
464 639 10 1
464 638 11 1
465 645 28 1
465 643 12 1
466 651 0 1
466 646 12 1
467 647 27 1
467 645 20 1
468 649 25 0
468 646 28 1
469 647 0 1
469 655 0 0
470 653 29 1
470 656 25 1
471 652 9 1
471 650 20 1
472 652 9 1
472 651 6 0
473 651 26 0
473 653 9 1
474 652 28 1
474 649 20 1
475 654 28 1
475 655 8 1
476 660 18 1
476 650 7 1
477 666 15 1
477 657 5 1
478 654 25 1
478 662 25 1
479 659 28 0
479 662 2 1
480 664 2 0
480 662 10 0
481 662 8 1
481 660 0 1
482 664 15 0
482 662 10 1
483 663 29 1
483 665 12 1
484 667 9 1
484 662 22 1
485 661 9 1
485 664 28 1
486 666 0 0
486 662 4 1
487 663 5 1
487 667 23 0
488 672 21 1
488 668 6 1
489 670 11 0
489 667 9 1
490 671 21 1
490 674 1 0
491 675 13 1
491 670 25 1
492 673 28 1
492 671 17 1
493 674 18 1
493 671 5 1
494 679 20 1
494 672 6 0
495 671 10 1
495 674 24 1
496 676 18 1
496 674 19 1
497 680 6 1
497 677 25 1
498 671 1 1
498 678 19 1
499 679 6 1
499 677 12 1
500 681 11 1
500 680 2 1
501 676 27 1
501 680 18 0
502 682 15 1
502 679 29 1
503 673 17 1
503 679 19 1
504 676 6 1
504 678 8 1
506 683 8 0
508 684 0 0
508 677 14 1
509 689 6 0
510 690 0 0
512 695 18 0
513 693 6 0
515 693 20 0
515 695 12 1
516 694 27 1
516 690 19 1
517 688 15 1
518 696 17 0
519 696 6 0
519 698 15 0
520 693 9 1
521 693 21 1
521 703 25 0
532 713 14 0
533 714 12 0
533 716 21 0
534 715 8 1
534 715 25 1
535 713 12 1
535 708 1 1
536 709 1 1
536 714 15 0
537 712 20 1
537 711 19 1
540 710 4 1
541 721 28 0
541 724 0 0
544 725 25 0
545 722 1 0
545 725 25 0
546 723 18 0
546 725 12 1
547 720 23 1
547 718 18 1
548 731 19 0
548 732 19 0
549 727 8 0
549 723 11 0
550 725 24 0
550 731 28 1
551 730 5 0
551 726 1 0
552 729 21 0
552 733 6 0
553 725 10 0
553 740 12 0
554 733 4 0
554 738 9 1
555 736 5 0
555 734 14 0
556 731 20 0
556 738 0 0
557 744 20 0
557 742 19 1
558 736 2 0
558 739 22 0
559 740 27 1
559 736 1 0
560 741 27 0
560 741 11 1
561 739 1 0
561 741 12 0
562 743 18 1
562 744 11 0
563 746 1 0
563 745 1 1
564 743 25 0
564 744 28 0
565 742 18 0
565 743 24 0
566 747 24 1
566 746 8 0
567 741 1 0
567 746 21 0
568 749 23 0
568 745 10 0
569 749 21 0
569 754 13 0
570 750 9 0
570 754 1 0
571 756 28 0
571 749 27 0
572 756 0 0
572 750 15 1
573 751 29 0
573 753 11 0
574 755 12 0
574 754 7 1
575 754 14 0
575 753 28 0
576 760 4 1
576 748 25 0
577 759 4 0
577 760 13 1
578 759 0 0
578 760 29 0
579 754 5 0
579 761 20 1
580 762 5 0
580 765 14 0
581 760 18 0
581 764 12 0
582 763 27 0
582 761 25 0
583 765 1 0
583 768 6 1
584 764 21 0
584 765 1 0
585 765 10 0
585 764 8 0
586 770 14 0
586 767 21 1
587 768 5 0
587 769 15 0
588 769 18 0
588 766 28 1
589 767 18 0
589 767 23 0
590 768 15 0
590 777 15 0
591 771 9 0
591 768 21 0
592 772 2 0
592 776 4 1
593 768 29 1
593 766 6 0
594 771 18 0
594 773 18 0
595 771 13 0
595 779 27 1
596 774 29 0
596 773 18 1
597 777 23 0
597 777 0 1
598 779 21 0
598 770 28 0
599 782 23 0
599 781 0 0
