0 60 2 1
8 68 4 0
16 76 2 1
24 84 5 1
32 92 8 1
40 100 8 0
48 108 3 1
56 116 6 1
64 124 8 1
72 132 8 0
80 140 9 1
88 148 7 1
96 156 9 1
104 164 7 0
112 172 7 0
120 180 8 0
128 188 2 1
136 196 3 1
144 204 9 0
152 212 7 0
160 220 2 0
168 228 8 1
176 236 8 0
184 244 8 1
192 252 8 0
200 260 1 0
208 268 1 1
216 276 2 1
224 284 3 1
232 292 8 0
240 300 2 1
248 308 5 0
256 316 7 0
264 324 1 0
272 332 1 0
280 340 1 1
288 348 1 1
296 356 1 1
304 364 4 0
312 372 8 0
320 380 1 1
328 388 6 1
336 396 2 1
344 404 1 0
352 412 9 0
360 420 9 1
368 428 5 1
376 436 2 1
384 444 6 0
392 452 8 0
400 460 3 0
408 468 2 1
416 476 7 0
424 484 7 0
432 492 9 0
440 500 2 0
448 508 6 1
456 516 7 1
464 524 8 1
472 532 2 1
480 540 9 0
488 548 8 0
496 556 3 1
504 564 4 1
512 572 4 1
520 580 8 0
528 588 6 1
536 596 8 0
544 604 4 1
552 612 2 0
560 620 2 1
568 628 0 0
576 636 7 0
584 644 8 1
592 652 1 0
