0 60 0 1
2 62 3 0
4 64 3 1
6 66 6 0
8 68 4 1
10 70 5 1
12 72 2 0
14 74 7 1
16 76 1 1
18 78 0 1
20 80 7 0
22 82 7 1
24 84 9 1
26 86 7 1
28 88 2 1
30 90 9 0
32 92 1 1
34 94 3 1
36 96 1 1
38 98 9 1
40 100 1 1
42 102 2 1
44 104 7 1
46 106 1 1
48 108 6 0
50 110 7 1
52 112 6 1
54 114 8 1
56 116 9 1
58 118 2 1
60 120 1 1
62 122 5 1
64 124 7 1
66 126 2 0
68 128 2 1
70 130 9 1
72 132 9 1
74 134 4 1
76 136 5 1
78 138 2 1
80 140 2 0
82 142 6 1
84 144 2 0
86 146 1 0
88 148 9 1
90 150 7 0
92 152 9 0
94 154 7 1
96 156 9 0
98 158 5 0
100 160 1 0
102 162 2 0
104 164 5 1
106 166 1 0
108 168 9 0
110 170 7 0
112 172 7 0
114 174 8 1
116 176 7 0
118 178 1 1
120 180 1 0
122 182 3 0
124 184 6 0
126 186 2 0
128 188 1 0
130 190 2 0
132 192 6 0
134 194 7 0
136 196 7 1
138 198 9 0
140 200 2 0
142 202 9 0
144 204 5 1
146 206 5 0
148 208 0 1
150 210 7 0
152 212 4 1
154 214 7 0
156 216 3 0
158 218 9 1
160 220 1 0
162 222 8 0
164 224 2 1
166 226 9 1
168 228 9 1
170 230 9 1
172 232 3 1
174 234 7 0
176 236 9 1
178 238 1 1
180 240 7 0
182 242 1 0
184 244 1 0
186 246 1 1
188 248 8 1
190 250 9 1
192 252 7 1
194 254 2 0
196 256 3 1
198 258 1 1
200 260 9 0
202 262 1 1
204 264 5 1
206 266 7 1
208 268 2 1
210 270 2 1
212 272 4 1
214 274 2 1
216 276 7 1
218 278 4 1
220 280 1 1
222 282 2 1
224 284 5 0
226 286 3 0
228 288 9 0
230 290 9 0
232 292 2 0
234 294 2 1
236 296 1 0
238 298 9 0
240 300 6 0
242 302 1 1
244 304 4 1
246 306 1 0
248 308 7 0
250 310 4 1
252 312 7 0
254 314 2 0
256 316 7 0
258 318 3 0
260 320 5 1
262 322 7 0
264 324 2 1
266 326 2 0
268 328 2 1
270 330 4 1
272 332 1 0
274 334 2 0
276 336 7 0
278 338 4 0
280 340 2 0
282 342 2 0
284 344 4 0
286 346 9 0
288 348 1 1
290 350 7 1
292 352 2 0
294 354 1 0
296 356 6 1
298 358 0 0
300 360 4 1
302 362 0 1
304 364 5 1
306 366 5 1
308 368 6 1
310 370 7 0
312 372 7 0
314 374 7 0
316 376 3 1
318 378 7 1
320 380 9 0
322 382 1 1
324 384 1 1
326 386 1 0
328 388 1 0
330 390 9 1
332 392 6 0
334 394 1 0
336 396 1 1
338 398 3 1
340 400 0 0
342 402 2 1
344 404 7 1
346 406 4 1
348 408 6 1
350 410 1 1
352 412 9 1
354 414 2 1
356 416 1 1
358 418 7 1
360 420 2 0
362 422 1 0
364 424 4 1
366 426 1 0
368 428 4 0
370 430 3 1
372 432 9 1
374 434 1 0
376 436 5 1
378 438 2 0
380 440 2 1
382 442 9 0
384 444 8 0
386 446 3 0
388 448 9 1
390 450 2 1
392 452 9 1
394 454 5 0
396 456 9 1
398 458 2 0
400 460 1 1
402 462 5 0
404 464 5 1
406 466 3 0
408 468 2 1
410 470 5 0
412 472 2 0
414 474 7 0
416 476 4 1
418 478 8 0
420 480 2 0
422 482 2 0
424 484 1 0
426 486 3 0
428 488 7 0
430 490 2 1
432 492 4 0
434 494 5 1
436 496 8 1
438 498 3 0
440 500 5 0
442 502 9 1
444 504 9 0
446 506 6 1
448 508 7 0
450 510 5 1
452 512 7 0
454 514 9 0
456 516 2 0
458 518 7 1
460 520 1 0
462 522 8 1
464 524 9 0
466 526 8 1
468 528 8 1
470 530 2 0
472 532 9 1
474 534 9 1
476 536 5 1
478 538 1 0
480 540 3 0
482 542 1 0
484 544 1 1
486 546 7 1
488 548 2 1
490 550 9 1
492 552 9 1
494 554 9 0
496 556 7 1
498 558 0 0
500 560 1 1
502 562 2 1
504 564 2 1
506 566 6 0
508 568 2 1
510 570 6 0
512 572 2 1
514 574 1 1
516 576 1 1
518 578 1 1
520 580 2 0
522 582 9 1
524 584 9 0
526 586 3 1
528 588 9 0
530 590 4 1
532 592 0 0
534 594 1 0
536 596 7 1
538 598 7 0
540 600 2 0
542 602 8 1
544 604 3 1
546 606 9 1
548 608 1 0
550 610 1 0
552 612 8 0
554 614 3 0
556 616 2 0
558 618 3 0
560 620 3 1
562 622 7 0
564 624 4 0
566 626 7 0
568 628 3 0
570 630 7 1
572 632 2 0
574 634 1 0
576 636 1 0
578 638 0 0
580 640 8 0
582 642 4 1
584 644 3 1
586 646 8 0
588 648 1 1
590 650 2 0
592 652 7 1
594 654 1 1
596 656 9 1
598 658 1 0
