0 60 1 0
7 67 0 1
14 74 4 0
21 81 9 1
28 88 4 1
35 95 3 1
42 102 4 1
49 109 9 1
56 116 3 1
63 123 1 1
70 130 0 1
77 137 9 1
84 144 2 1
91 151 5 1
98 158 3 0
105 165 8 0
112 172 2 0
119 179 4 0
126 186 9 0
133 193 9 0
140 200 0 0
147 207 1 1
154 214 4 0
161 221 3 0
168 228 1 0
175 235 6 0
182 242 2 1
189 249 8 1
196 256 8 1
203 263 3 0
210 270 5 1
217 277 8 1
224 284 5 0
231 291 2 1
238 298 8 0
245 305 6 1
252 312 9 1
259 319 0 1
266 326 1 1
273 333 8 0
280 340 6 0
287 347 9 0
294 354 5 0
301 361 4 1
308 368 3 1
315 375 0 0
322 382 6 0
329 389 2 0
336 396 4 0
343 403 1 1
350 410 3 0
357 417 4 1
364 424 0 1
371 431 0 1
378 438 0 0
385 445 4 0
392 452 3 0
399 459 4 1
406 466 0 1
413 473 4 1
420 480 3 1
427 487 3 0
434 494 3 1
441 501 2 0
448 508 3 1
455 515 8 1
462 522 8 0
469 529 1 0
476 536 8 1
483 543 1 0
490 550 6 1
497 557 4 1
504 564 2 0
511 571 4 0
518 578 0 1
525 585 2 0
532 592 1 0
539 599 3 0
546 606 3 1
553 613 9 1
560 620 3 1
567 627 5 0
574 634 9 0
581 641 4 1
588 648 7 1
595 655 1 1
