13 3 40
17 7 38
15 6 20
22 9 8
4 10 42
28 8 0
25 5 36
16 6 48
13 11 46
15 14 18
15 2 4
10 12 46
11 1 18
7 1 46
29 14 30
22 9 22
20 3 18
8 8 18
10 1 32
29 7 10
15 5 24
7 6 22
23 11 18
11 1 8
22 4 38
16 1 20
18 6 26
15 6 46
10 8 44
29 2 34
9 1 34
19 10 18
6 7 0
17 10 22
5 13 20
20 3 0
25 11 32
22 8 38
7 13 44
16 5 42
7 13 40
12 8 32
16 12 30
17 3 28
16 7 46
15 10 46
7 3 34
3 4 44
0 9 48
9 3 36
3 5 2
6 5 4
13 8 46
24 14 42
2 4 14
17 3 12
25 4 6
20 10 16
22 1 24
7 11 6
2 1 22
10 9 26
2 2 2
1 6 36
18 3 48
25 7 18
17 5 14
16 14 16
13 4 4
12 7 26
15 8 34
1 3 16
13 11 12
20 12 8
15 14 22
10 8 2
20 13 6
12 12 48
13 11 10
0 1 14
27 2 26
18 5 10
6 6 32
26 9 16
26 11 2
15 8 16
7 1 2
12 9 12
