3 6 44
29 8 24
21 5 18
21 12 34
0 11 24
29 11 22
10 12 2
3 7 10
26 5 0
10 2 38
0 10 22
8 4 32
16 1 36
19 3 2
20 10 40
3 6 38
21 6 40
1 8 28
21 8 10
29 9 14
26 2 44
5 12 20
13 3 16
28 5 42
23 11 10
25 9 38
23 5 44
10 13 32
14 14 26
21 9 34
3 14 14
15 9 2
13 4 10
26 8 48
0 9 32
11 8 14
25 5 46
26 9 42
0 14 0
21 14 48
7 2 36
28 10 38
1 11 32
23 13 44
22 2 28
0 1 14
0 4 16
25 8 20
18 12 42
4 4 40
20 14 28
18 1 10
24 4 6
24 6 18
25 11 26
18 2 42
1 2 26
1 2 18
9 11 0
18 1 6
1 14 24
19 3 42
9 11 20
8 9 4
29 12 46
9 7 38
20 12 30
6 1 16
1 7 34
20 8 42
11 14 40
19 6 12
18 11 18
21 4 34
1 6 6
20 3 44
23 1 46
10 12 14
8 9 48
17 13 42
10 1 44
23 11 42
26 13 48
0 4 14
20 14 10
29 8 32
27 9 46
13 7 28
