7 11 40
12 8 46
0 9 30
18 9 32
27 10 26
10 7 0
20 1 40
19 10 20
6 2 40
8 6 2
17 7 6
29 2 20
6 3 14
19 4 28
13 4 22
4 2 26
19 3 0
5 6 12
23 2 16
24 2 14
29 7 36
29 9 28
21 1 24
8 2 42
8 2 38
8 6 48
1 10 48
17 4 46
15 2 18
17 14 4
8 10 30
3 11 14
8 3 40
18 1 12
23 1 2
20 5 6
21 14 26
7 9 12
18 9 8
6 14 18
12 12 48
20 5 20
23 6 38
25 9 16
26 10 46
21 8 8
28 10 10
11 9 36
0 5 22
19 5 12
18 7 12
3 5 18
17 9 24
17 10 24
19 7 14
27 6 16
12 13 30
23 11 12
2 13 46
20 14 48
4 13 10
4 9 40
3 12 46
23 8 44
11 1 46
20 7 24
21 13 12
29 13 2
0 6 0
21 3 26
15 1 36
6 1 14
23 4 12
9 14 2
20 1 22
5 9 46
18 4 24
27 9 42
17 9 14
21 5 28
11 4 2
5 14 14
21 8 0
7 4 34
1 7 16
8 11 6
10 3 32
0 2 0
