20 2 10
17 3 0
11 12 14
24 4 6
0 14 30
20 13 2
23 3 32
24 10 10
1 12 26
26 1 44
10 6 12
0 7 22
27 4 26
10 12 48
20 12 30
19 4 36
29 11 6
21 8 48
17 10 2
21 14 28
17 11 44
17 11 32
5 3 10
29 1 4
25 7 18
5 4 18
24 2 42
17 2 28
28 14 4
19 11 18
22 5 16
21 13 14
12 7 36
12 7 28
14 9 24
21 7 40
3 6 38
1 5 32
19 9 8
23 9 44
11 8 44
11 8 32
25 13 34
26 6 6
0 1 22
21 3 28
1 11 30
23 2 6
21 7 26
9 14 46
23 9 30
1 2 4
7 10 20
0 12 36
3 4 34
10 3 8
3 12 6
24 4 2
20 2 30
25 5 6
14 14 44
5 3 38
6 2 18
1 7 38
24 2 32
1 3 30
4 6 24
29 6 36
10 3 16
7 14 34
19 12 40
1 12 18
16 13 16
29 12 22
0 11 26
1 9 20
23 5 10
11 5 30
3 11 12
13 12 34
27 10 32
10 8 24
13 9 4
1 9 40
7 8 46
10 3 26
8 6 28
10 6 48
