5 7 26
6 8 18
0 6 6
4 3 6
10 10 46
12 5 12
12 2 12
2 14 6
19 3 18
5 5 46
3 4 20
10 5 6
1 6 8
29 9 28
6 2 46
29 6 32
7 8 36
13 7 8
9 12 42
4 3 0
28 8 16
23 5 2
19 12 2
2 13 28
14 5 14
0 9 42
3 2 38
13 1 46
25 5 20
1 10 42
17 4 30
7 7 36
2 13 0
2 9 36
8 4 40
24 1 22
20 4 28
7 6 48
18 9 4
5 9 26
0 4 22
17 6 44
21 5 24
12 13 20
11 1 40
6 12 26
12 13 30
3 12 4
23 5 0
20 6 16
18 1 34
28 8 12
28 6 38
11 8 46
18 11 46
13 7 2
19 14 36
10 10 6
12 2 44
8 11 10
10 6 26
17 7 28
19 11 34
6 4 6
10 13 42
7 11 32
20 10 44
2 2 24
20 11 36
27 7 22
14 14 2
3 12 6
23 9 48
4 2 18
20 4 32
1 12 16
29 14 18
0 2 14
21 4 0
9 3 14
1 5 36
5 13 10
23 14 24
25 11 18
27 14 22
18 8 20
5 12 10
20 10 2
