6 6 22
14 11 44
11 10 46
29 11 0
4 3 46
28 11 12
7 4 18
10 12 40
12 4 4
10 13 10
15 6 32
22 14 24
2 1 38
24 14 22
7 3 24
7 6 10
22 13 26
14 10 2
8 10 16
10 14 6
1 2 38
13 14 44
25 3 22
7 7 36
11 13 30
19 11 8
0 8 46
6 11 36
16 1 0
18 11 28
20 3 36
12 3 6
15 11 46
10 9 44
9 10 34
17 14 4
7 4 26
17 5 12
21 13 4
25 3 28
16 11 20
25 10 12
16 3 10
15 5 42
26 7 14
22 9 36
7 7 6
12 10 18
22 14 20
25 3 2
16 1 42
10 2 48
18 1 20
27 12 18
0 2 30
3 1 46
15 10 30
8 3 30
15 10 4
13 14 16
25 10 48
29 7 34
15 6 24
4 10 20
20 5 46
17 2 34
0 14 28
15 14 12
2 5 18
27 4 34
16 5 8
10 11 18
13 13 32
25 9 46
17 6 16
16 4 14
28 1 10
6 7 16
14 13 48
20 2 46
1 14 10
5 8 42
20 11 48
0 13 24
28 4 48
18 13 14
25 4 6
12 7 38
