29 13 8
0 9 6
4 12 34
12 5 18
5 1 48
9 7 48
5 11 28
19 12 44
18 7 30
23 4 4
15 5 48
12 1 40
18 12 36
19 3 30
10 5 42
27 4 42
23 14 40
29 9 8
29 1 34
29 4 38
18 13 20
15 9 30
25 2 24
6 6 16
5 3 36
2 3 34
0 7 18
21 1 6
13 3 40
27 14 42
13 13 38
6 2 6
0 3 46
18 11 42
19 13 10
5 7 20
16 13 18
25 7 26
23 4 28
20 12 2
18 5 30
10 3 12
15 13 32
17 9 36
1 9 26
29 13 48
9 13 16
0 12 12
23 10 40
23 9 0
1 2 32
17 11 0
29 14 30
10 7 32
23 4 46
17 8 46
18 14 12
11 5 14
10 6 6
15 7 44
17 9 24
6 4 36
23 6 8
18 3 10
21 14 38
13 10 36
3 5 38
1 3 22
28 4 10
15 10 22
23 1 38
25 7 16
13 13 6
12 9 44
5 2 48
1 14 2
29 4 20
13 9 48
29 10 32
6 1 16
5 8 20
6 7 28
18 7 10
2 7 36
9 5 16
17 7 22
6 6 34
12 2 28
