1 9 26
14 4 36
1 10 40
9 1 6
28 9 2
24 6 30
29 7 46
8 8 14
14 5 4
21 13 44
26 1 48
8 3 36
27 14 34
28 12 40
7 14 14
16 10 16
3 7 30
12 7 26
3 8 12
14 6 38
15 10 18
16 4 40
19 13 6
11 9 4
7 7 42
11 5 20
8 2 36
20 14 18
22 12 34
28 13 22
10 6 8
25 10 14
7 12 30
20 5 28
14 2 12
12 1 12
21 11 20
11 10 32
11 3 16
1 5 44
24 8 16
0 11 14
25 5 32
2 4 30
18 1 46
25 7 40
23 7 24
3 14 24
21 8 10
3 5 10
4 5 40
16 3 24
6 1 26
7 12 20
16 10 4
3 12 16
14 10 42
12 9 40
19 13 32
19 11 48
8 11 6
9 8 40
14 14 40
14 2 40
3 2 28
21 1 16
7 2 20
14 6 20
29 4 10
12 8 6
16 2 26
14 4 4
20 13 14
25 11 22
11 7 16
23 2 16
3 12 8
1 7 4
15 6 40
6 8 32
27 13 26
5 1 30
25 2 48
2 3 46
8 1 38
0 2 10
17 8 28
26 4 6
