5 7 12
20 6 30
16 8 18
14 11 16
12 13 16
16 2 24
18 12 44
14 8 32
3 3 14
15 7 8
29 12 4
21 6 36
6 5 14
20 1 34
2 5 18
13 9 2
6 2 26
23 7 26
25 4 36
25 1 8
20 12 38
28 2 4
12 4 6
29 8 8
6 9 6
13 6 22
19 7 10
9 6 4
18 4 34
29 11 42
14 5 10
13 1 10
13 8 12
6 13 42
18 10 36
29 6 12
24 10 12
16 4 22
6 11 46
6 3 48
25 7 6
16 8 36
21 8 40
24 8 48
19 13 24
28 4 28
0 7 20
19 13 22
10 3 38
9 9 12
13 12 32
15 7 18
27 13 18
23 2 12
13 9 16
17 1 4
11 4 48
1 3 16
23 9 14
17 8 2
26 12 28
13 14 42
27 11 34
27 12 18
9 11 30
13 10 20
17 8 4
2 4 24
24 12 36
8 13 10
26 4 4
25 5 8
10 5 36
4 13 32
7 9 20
24 7 4
26 12 34
6 3 34
7 2 30
21 14 34
20 8 44
17 1 12
19 3 32
20 5 6
28 13 36
1 2 20
19 8 14
18 13 20
16 14 38
13 5 40
14 5 46
1 3 20
1 7 0
18 9 46
29 6 38
0 4 12
24 9 22
26 9 32
4 4 20
21 2 48
12 3 42
21 5 30
18 10 4
9 4 8
4 9 44
