26 12 30
18 5 26
9 10 38
0 1 22
2 6 34
24 3 16
22 12 26
2 13 14
29 4 36
12 10 32
22 2 20
1 3 28
5 1 34
18 9 30
14 8 24
11 4 12
12 12 6
11 1 24
29 7 42
5 1 28
4 7 40
18 11 38
2 6 4
6 2 12
2 14 10
11 13 42
26 1 42
0 4 14
0 10 2
7 9 12
11 13 40
0 8 6
2 8 4
7 5 20
14 4 20
18 6 44
27 7 34
7 9 26
27 1 44
29 6 0
5 6 46
2 12 48
14 2 24
1 5 24
29 5 30
1 11 20
22 10 48
26 2 46
27 12 38
5 10 28
1 1 48
2 3 20
15 7 36
22 14 4
2 11 46
19 11 8
29 1 18
21 2 10
5 4 40
18 12 8
13 2 32
11 6 48
15 14 46
14 9 4
1 4 16
2 5 2
28 11 48
2 9 14
26 11 30
22 13 8
28 13 4
0 6 38
18 11 36
4 2 4
14 5 16
1 12 28
3 1 32
2 5 18
23 12 22
3 4 18
11 4 38
28 9 42
2 8 10
10 7 12
21 14 22
0 6 28
1 1 2
15 12 12
9 12 40
2 12 24
22 11 40
19 13 32
9 6 42
16 7 48
21 8 28
12 5 14
1 1 12
20 10 44
3 6 10
11 9 8
18 11 6
18 10 36
22 4 2
19 3 48
24 10 30
