8 1 16
6 1 12
36 1 22
7 1 14
10 1 20
20 1 40
45 2 40
5 1 10
47 1 44
5 2 10
58 2 16
25 1 0
58 3 16
33 4 16
40 1 30
1 1 2
14 1 28
6 2 12
17 1 34
6 3 12
17 2 34
21 1 42
3 1 6
38 1 26
31 4 12
13 2 26
28 2 6
5 3 10
31 5 12
53 3 6
18 1 36
37 1 24
7 2 14
39 2 28
15 2 30
9 1 18
32 3 14
1 2 2
46 2 42
0 2 0
37 2 24
13 3 26
40 3 30
56 6 12
12 3 24
31 7 12
32 4 14
31 8 12
11 2 22
56 9 12
23 1 46
48 2 46
38 4 26
17 3 34
45 3 40
20 4 40
51 3 2
31 10 12
51 4 2
38 5 26
39 3 28
27 1 4
56 11 12
36 3 22
22 2 44
33 5 16
1 5 2
17 4 34
36 4 22
16 1 32
33 6 16
22 3 44
7 5 14
17 5 34
31 12 12
32 6 14
31 13 12
36 5 22
36 6 22
22 4 44
52 2 4
19 1 38
22 5 44
51 6 2
45 5 40
38 6 26
5 4 10
52 3 4
39 4 28
59 2 18
7 7 14
50 3 0
8 7 16
33 8 16
6 14 12
48 3 46
45 6 40
31 15 12
21 3 42
3 4 6
38 7 26
23 4 46
39 5 28
50 4 0
58 9 16
49 1 48
0 5 0
19 2 38
40 4 30
8 10 16
28 5 6
2 4 4
10 2 20
1 7 2
44 3 38
11 7 22
19 4 38
53 6 6
38 8 26
1 8 2
8 11 16
34 3 18
31 16 12
12 4 24
54 1 8
33 12 16
28 7 6
32 8 14
40 5 30
17 6 34
21 4 42
10 3 20
9 4 18
55 5 10
40 6 30
26 9 2
11 8 22
13 9 26
2 5 4
22 6 44
17 7 34
38 10 26
20 7 40
8 13 16
1 10 2
3 8 6
37 5 24
23 5 46
28 9 6
52 6 4
58 14 16
10 4 20
37 6 24
13 11 26
1 11 2
42 8 34
18 2 36
20 8 40
32 9 14
46 5 42
35 5 20
50 6 0
13 12 26
44 5 38
9 5 18
56 17 12
38 13 26
10 6 20
56 18 12
40 7 30
13 14 26
10 7 20
27 7 4
1 12 2
10 8 20
22 7 44
20 9 40
24 2 48
13 15 26
32 10 14
50 7 0
6 19 12
27 8 4
7 11 14
39 6 28
20 10 40
31 20 12
9 6 18
7 12 14
26 13 2
19 6 38
55 6 10
42 9 34
41 2 32
52 9 4
4 2 8
30 7 10
31 21 12
56 22 12
16 3 32
12 7 24
5 8 10
0 8 0
54 3 8
37 8 24
44 7 38
14 7 28
32 13 14
3 10 6
25 9 0
58 15 16
50 10 0
18 3 36
56 23 12
11 9 22
56 24 12
55 9 10
44 8 38
35 9 20
50 11 0
16 4 32
48 6 46
33 16 16
0 12 0
19 9 38
7 14 14
58 17 16
25 13 0
27 10 4
35 10 20
20 11 40
7 15 14
45 12 40
9 7 18
27 11 4
11 10 22
5 10 10
50 14 0
57 16 14
56 15 0
