3 13 16
0 14 6
8 6 16
1 11 14
0 5 18
3 12 26
9 5 30
2 14 36
8 12 38
4 11 16
0 1 4
0 14 44
6 10 4
1 6 22
4 7 20
1 9 18
6 4 44
9 12 2
7 10 2
3 13 8
3 14 10
3 12 12
0 1 36
0 12 0
1 4 8
6 11 26
6 8 34
8 4 20
7 13 36
3 9 30
0 1 12
1 6 14
0 11 42
2 8 14
3 11 10
6 10 30
4 13 4
9 12 42
6 2 2
3 14 14
0 3 24
6 5 6
9 2 4
8 6 18
4 14 0
1 1 30
6 11 34
4 5 10
9 13 42
6 13 2
8 11 18
3 1 48
7 4 40
1 7 16
7 9 34
3 10 12
1 9 22
6 5 24
0 2 38
8 10 18
4 8 42
4 14 20
7 10 26
6 10 34
1 12 18
7 14 18
8 13 14
0 11 32
3 13 12
8 7 2
8 10 20
9 4 48
8 7 12
1 5 4
8 4 24
9 12 14
8 3 40
4 12 6
0 10 10
9 2 46
0 10 6
1 2 6
6 6 24
4 12 20
9 12 10
9 5 16
1 3 26
7 13 40
1 7 26
6 1 32
3 5 44
8 3 30
6 13 34
8 2 30
0 2 42
1 8 0
5 11 36
8 4 34
1 11 0
8 11 22
4 4 30
8 14 32
9 8 38
7 8 12
7 10 46
