5 3 34
4 4 28
5 11 16
5 9 24
4 11 8
4 3 22
6 6 40
4 7 22
7 1 8
6 8 20
3 4 30
6 4 20
5 13 2
9 5 18
7 5 42
5 12 48
7 14 42
4 3 38
6 12 42
8 2 38
4 9 30
4 2 12
5 6 8
2 2 20
2 1 16
8 14 22
3 4 40
3 8 46
6 10 22
7 6 20
3 2 30
8 13 34
5 9 42
1 12 4
3 11 18
7 5 4
9 5 30
8 11 48
3 13 14
6 13 0
6 8 2
9 6 26
6 14 46
3 11 28
3 13 40
9 11 0
6 3 20
5 10 14
6 1 6
1 3 26
5 2 42
8 2 8
4 1 12
3 7 10
8 11 10
1 14 14
3 14 30
2 11 44
6 6 16
3 14 0
0 7 48
3 6 46
5 12 44
6 13 32
6 1 18
1 4 24
1 6 42
0 1 40
5 9 40
1 4 14
5 12 38
3 9 26
5 3 32
0 2 48
6 7 42
5 13 38
6 8 4
6 6 14
4 11 2
8 13 36
1 5 44
6 14 48
3 6 28
4 13 4
3 9 20
7 5 34
9 12 28
6 5 16
5 8 36
8 7 16
4 14 20
3 4 16
0 9 6
1 11 4
0 3 6
5 12 16
6 9 12
8 7 30
9 9 18
0 13 24
3 10 4
2 14 12
6 6 48
7 3 44
2 11 40
