9 4 24
2 13 4
7 13 22
4 5 42
3 4 46
6 9 6
8 13 20
5 9 16
0 2 26
2 4 4
2 10 24
2 2 36
7 8 28
9 11 36
2 14 44
4 14 48
2 3 44
0 11 18
2 5 6
5 13 44
3 14 2
5 9 28
5 12 24
8 6 36
5 1 2
7 2 42
2 7 6
1 7 34
4 7 4
4 11 40
2 6 48
2 5 10
2 1 28
1 2 18
2 11 32
1 6 2
2 7 8
1 3 32
6 5 18
4 10 20
0 4 40
8 5 32
2 5 36
0 5 14
7 1 16
2 10 34
9 14 46
9 6 44
1 11 30
1 5 38
2 1 32
8 10 2
1 4 20
6 13 48
5 12 46
1 1 46
2 3 4
5 2 22
2 11 46
3 1 18
5 1 36
6 4 32
0 2 34
5 8 38
2 10 22
3 10 16
7 9 42
2 12 14
2 12 8
0 10 26
6 7 42
9 2 10
9 10 6
0 13 46
4 4 30
8 3 12
7 8 22
7 6 32
5 8 34
7 12 12
7 3 20
5 8 8
1 10 18
7 3 24
2 11 22
9 7 30
8 1 14
5 12 32
5 11 6
3 6 12
6 12 10
2 11 4
9 12 6
0 1 20
3 9 14
0 10 10
8 12 42
8 13 10
3 5 24
1 2 38
5 4 18
6 3 18
1 14 8
0 6 28
2 13 36
