8 7 4
6 13 38
2 14 10
8 4 4
8 11 32
5 4 28
6 12 20
2 10 30
5 10 14
7 6 0
2 9 26
2 7 44
9 2 42
2 8 0
3 2 2
2 4 46
8 1 24
8 7 14
5 6 48
6 7 36
9 7 34
6 3 42
5 7 8
3 1 38
8 13 6
9 9 20
1 11 18
5 5 14
6 14 28
8 6 16
6 9 12
8 5 24
8 8 48
8 10 22
3 1 36
5 8 6
6 4 48
3 14 16
6 3 6
7 13 2
9 10 28
3 14 20
5 11 26
3 7 22
1 10 8
6 14 38
2 11 34
1 12 18
4 8 40
6 8 32
2 8 46
0 6 36
6 5 4
9 6 26
1 13 18
6 14 48
6 11 30
2 12 22
8 3 48
6 2 12
9 4 30
3 13 0
7 2 22
5 9 38
4 9 10
7 8 8
9 1 46
8 6 20
2 2 32
5 10 38
6 1 6
3 10 20
5 2 10
7 9 30
8 9 8
2 12 46
8 3 30
2 2 38
5 7 20
8 1 30
2 12 32
6 2 36
1 14 44
8 4 26
9 6 46
8 1 4
8 14 36
7 10 26
9 6 2
5 5 12
4 1 28
4 3 44
8 10 46
9 12 30
5 13 36
6 5 16
5 11 14
7 1 32
2 7 38
4 7 28
6 6 30
2 13 42
6 13 22
2 8 26
1 12 48
