12 14 38
11 6 10
16 13 40
0 4 8
18 6 12
9 12 36
28 5 4
2 4 16
29 3 36
7 11 36
8 3 18
4 2 12
25 9 4
29 8 42
1 2 48
16 2 10
17 11 30
14 9 26
14 9 22
22 9 42
0 3 48
28 10 34
27 2 26
12 6 2
12 2 36
23 4 26
1 10 2
2 7 32
12 12 44
16 14 22
12 1 26
12 13 46
23 9 24
15 13 0
12 13 24
14 14 28
24 9 18
25 5 30
26 1 30
17 1 20
14 14 34
17 14 0
12 11 28
0 12 40
5 14 40
8 1 10
1 12 14
29 10 38
4 6 36
6 13 28
2 1 28
26 9 28
6 6 48
4 9 32
4 11 10
1 14 8
23 1 38
14 6 16
4 10 32
9 2 22
23 8 44
3 3 40
14 7 30
16 7 16
3 12 16
26 10 44
4 9 36
4 13 34
2 9 8
24 12 2
16 6 20
9 12 32
4 5 8
20 4 2
23 4 44
8 10 18
17 3 16
10 3 38
9 10 42
16 10 48
27 14 32
7 14 4
26 12 34
3 13 22
8 5 14
26 9 12
12 11 14
9 6 8
17 8 0
7 13 18
2 2 2
27 14 18
3 9 6
22 2 4
10 5 48
9 2 16
0 3 44
17 8 2
3 12 30
26 4 6
2 5 16
6 12 46
6 4 0
1 9 16
27 1 40
