3 14 44
4 9 2
0 14 30
6 6 14
0 1 32
0 9 44
4 13 6
0 5 28
3 2 46
3 5 6
9 5 10
7 7 20
4 5 8
4 3 34
8 11 40
9 8 0
9 5 36
3 7 32
3 11 34
1 2 10
1 13 8
4 8 14
4 3 36
4 12 30
6 4 38
4 5 2
3 14 46
9 4 28
7 4 0
4 4 22
0 13 30
8 8 4
7 4 4
3 9 6
4 9 46
7 9 20
3 2 2
9 12 2
4 12 0
0 6 6
0 8 10
6 2 38
5 10 46
7 3 8
0 4 8
3 11 12
9 5 4
4 6 2
3 7 4
4 3 24
5 10 16
3 2 44
7 6 28
0 11 6
5 12 8
5 1 36
2 3 26
0 4 12
0 6 44
2 7 2
4 13 14
4 1 10
7 4 46
5 11 26
5 11 16
0 2 36
8 2 26
0 2 18
8 13 44
1 12 12
0 4 18
9 8 42
9 5 48
8 13 34
8 1 26
6 9 38
1 7 24
4 12 16
3 10 4
4 14 24
4 3 40
8 3 4
9 5 20
3 12 34
3 4 30
9 12 18
6 14 40
9 7 8
8 2 32
1 2 28
9 9 0
9 5 16
1 12 20
7 14 12
2 9 14
7 13 42
0 13 38
9 8 44
3 9 10
1 11 0
2 6 4
8 7 34
3 1 0
6 8 24
1 8 6
