2 4 48
13 2 2
19 2 12
28 2 46
4 3 32
3 13 0
28 4 40
14 11 44
17 8 28
5 9 26
28 7 0
3 14 44
6 12 0
4 2 34
0 13 22
14 11 40
4 10 10
7 13 46
23 10 12
11 12 44
20 2 16
23 12 20
6 8 44
14 11 24
23 13 24
26 7 22
24 6 20
4 6 28
5 6 14
14 11 28
6 3 24
17 2 26
17 1 36
14 11 26
12 11 0
26 10 38
19 5 16
4 2 22
15 4 4
26 14 18
29 13 34
24 12 46
27 3 6
7 4 6
21 14 8
22 9 22
27 4 8
8 9 6
3 9 36
19 14 2
16 10 14
27 4 32
28 10 48
5 3 48
18 4 28
5 13 10
9 1 28
23 11 22
27 11 20
19 10 44
24 13 12
5 5 24
11 13 44
23 7 6
18 1 40
17 1 26
17 14 14
19 1 48
20 8 32
13 1 0
1 1 32
26 7 18
27 12 12
8 4 22
23 9 46
14 12 42
29 8 18
26 5 8
4 10 24
14 6 0
25 3 18
24 14 30
17 12 24
11 13 48
14 13 4
13 1 4
6 7 38
17 8 48
