14 7 30
2 2 30
0 2 32
2 11 38
9 11 4
18 1 40
7 9 0
23 14 26
8 13 14
21 5 26
0 5 8
18 7 34
23 10 44
9 9 20
4 1 30
10 13 10
0 13 8
23 8 46
18 8 34
3 13 16
26 7 14
21 7 22
26 1 16
29 3 46
3 11 42
3 14 8
5 7 10
29 11 2
10 10 42
15 14 22
0 4 8
5 5 6
14 8 14
4 7 16
17 10 16
10 11 40
15 11 24
26 13 30
1 10 40
8 2 4
21 11 28
5 14 36
2 1 0
5 5 44
3 3 40
4 12 38
19 1 20
12 14 34
17 13 28
6 9 46
6 9 32
0 8 16
6 5 0
12 8 30
8 9 10
29 11 44
2 12 10
29 4 48
15 8 40
2 7 20
15 5 14
6 7 0
6 14 28
6 14 40
18 4 14
9 4 16
8 12 34
19 4 24
3 14 32
18 6 32
3 12 28
16 4 18
17 14 10
1 12 46
18 5 22
18 12 18
20 3 26
12 11 34
4 7 38
2 6 48
5 7 2
17 5 38
3 14 2
21 2 34
7 13 42
18 6 36
6 10 8
2 1 36
26 10 30
24 9 30
2 6 28
2 7 18
0 13 48
13 3 20
5 12 26
1 3 28
13 12 20
29 4 42
19 14 42
22 5 46
24 6 38
15 12 22
15 7 24
26 2 26
6 13 18
