8 1 1
25 0 1
28 1 2
5 0 2
5 0 3
13 1 3
20 1 4
1 0 4
25 0 5
18 1 5
24 0 6
14 1 6
18 1 7
11 0 7
27 0 8
5 0 8
27 1 9
9 1 9
0 0 10
10 0 10
20 1 11
14 1 11
6 1 12
9 1 12
14 1 13
3 0 13
17 0 14
4 0 14
22 1 15
6 0 15
19 0 16
25 1 16
4 0 17
20 0 17
21 0 18
5 0 18
21 1 19
5 0 19
20 1 20
14 0 20
23 0 21
21 1 21
15 1 22
23 1 22
6 1 23
26 1 23
21 0 24
21 1 24
25 0 25
22 0 25
25 1 26
29 1 26
0 1 27
11 0 27
8 0 28
3 1 28
12 1 29
9 0 29
12 1 30
10 0 30
23 0 31
9 1 31
0 1 32
8 0 32
7 1 33
25 0 33
21 0 34
11 1 34
7 0 35
14 1 35
12 0 36
13 1 36
13 1 37
13 0 37
18 0 38
26 0 38
5 1 39
0 0 39
4 1 40
27 1 40
14 1 41
27 0 41
10 0 42
11 0 42
16 1 43
3 0 43
16 1 44
3 0 44
3 1 45
2 1 45
2 1 46
23 0 46
10 0 47
17 1 47
0 1 48
20 0 48
7 0 49
13 0 49
16 1 50
16 0 50
4 1 51
2 1 51
16 0 52
28 1 52
19 0 53
9 1 53
12 0 54
15 1 54
16 1 55
16 0 55
2 0 56
2 0 56
25 1 57
15 1 57
16 1 58
16 0 58
11 1 59
29 0 59
10 0 60
8 0 60
24 1 61
11 1 61
23 0 62
19 0 62
19 1 63
25 1 63
13 0 64
22 1 64
29 0 65
11 1 65
13 1 66
7 1 66
20 0 67
3 1 67
6 0 68
27 0 68
12 0 69
3 1 69
3 0 70
9 1 70
23 1 71
7 0 71
10 1 72
16 0 72
15 0 73
10 1 73
4 0 74
21 0 74
18 1 75
13 1 75
11 1 76
28 0 76
0 0 77
4 1 77
5 0 78
29 1 78
29 0 79
27 0 79
8 1 80
0 1 80
9 0 81
5 1 81
9 1 82
15 1 82
10 0 83
28 0 83
20 1 84
14 0 84
4 0 85
19 1 85
12 0 86
15 0 86
15 1 87
11 0 87
0 1 88
20 1 88
7 0 89
21 1 89
6 0 90
29 1 90
27 1 91
12 0 91
19 1 92
27 0 92
29 0 93
24 1 93
23 0 94
26 1 94
9 1 95
15 0 95
10 0 96
3 1 96
8 1 97
3 0 97
8 0 98
17 0 98
17 1 99
7 1 99
3 0 100
18 0 100
27 1 101
13 1 101
14 0 102
13 0 102
21 1 103
9 1 103
18 0 104
0 1 104
19 1 105
5 0 105
9 1 106
20 0 106
12 1 107
17 1 107
19 0 108
20 0 108
24 1 109
1 0 109
13 1 110
20 1 110
18 0 111
3 1 111
2 0 112
0 0 112
8 0 113
5 1 113
9 0 114
28 1 114
1 1 115
27 0 115
6 1 116
4 0 116
0 1 117
19 0 117
2 0 118
26 1 118
14 0 119
15 1 119
2 1 120
14 0 120
6 0 121
3 0 121
11 1 122
0 1 122
20 0 123
27 1 123
9 1 124
25 0 124
8 1 125
17 0 125
15 0 126
20 0 126
26 0 127
26 1 127
28 0 128
23 1 128
10 1 129
23 1 129
19 1 130
15 0 130
0 0 131
4 0 131
6 1 132
1 1 132
26 1 133
9 1 133
12 0 134
1 0 134
11 0 135
10 0 135
26 0 136
5 1 136
17 1 137
19 1 137
17 0 138
6 0 138
2 1 139
11 1 139
18 0 140
18 1 140
5 0 141
29 1 141
9 0 142
25 1 142
13 0 143
21 1 143
13 0 144
29 0 144
19 1 145
20 1 145
23 0 146
12 1 146
1 1 147
7 0 147
23 0 148
21 1 148
6 0 149
17 0 149
29 1 150
2 0 150
29 1 151
7 1 151
12 0 152
12 1 152
28 0 153
18 1 153
28 0 154
6 1 154
0 0 155
20 1 155
17 1 156
14 0 156
20 0 157
20 1 157
2 0 158
2 0 158
18 1 159
21 1 159
4 1 160
1 0 160
9 0 161
18 0 161
4 1 162
22 0 162
25 1 163
0 1 163
2 0 164
22 1 164
13 0 165
20 1 165
18 0 166
17 1 166
21 0 167
29 1 167
4 1 168
0 0 168
25 1 169
3 0 169
6 0 170
20 1 170
14 0 171
7 1 171
20 0 172
10 1 172
17 1 173
5 0 173
7 1 174
29 0 174
6 0 175
11 1 175
21 0 176
28 1 176
29 1 177
1 0 177
15 0 178
2 0 178
27 1 179
9 1 179
20 1 180
7 0 180
6 0 181
28 1 181
21 1 182
23 0 182
2 0 183
21 1 183
10 0 184
17 1 184
16 1 185
1 0 185
20 0 186
7 1 186
22 1 187
20 0 187
22 0 188
22 1 188
28 0 189
4 1 189
26 0 190
8 0 190
29 1 191
11 1 191
25 0 192
9 1 192
26 1 193
16 0 193
21 0 194
18 1 194
3 0 195
14 1 195
4 1 196
14 1 196
11 0 197
10 1 197
13 1 198
25 0 198
1 0 199
25 0 199
0 0 200
22 0 200
21 1 201
18 1 201
14 0 202
0 1 202
26 0 203
6 1 203
0 0 204
17 1 204
27 1 205
28 0 205
19 0 206
4 0 206
3 1 207
18 0 207
23 1 208
22 0 208
29 0 209
6 1 209
22 1 210
6 1 210
28 0 211
26 1 211
4 0 212
9 0 212
20 0 213
13 1 213
27 1 214
26 1 214
18 0 215
9 1 215
10 0 216
17 0 216
9 1 217
0 0 217
12 1 218
13 1 218
27 0 219
17 0 219
9 0 220
15 1 220
24 1 221
26 0 221
19 1 222
26 0 222
7 0 223
3 1 223
22 1 224
21 1 224
14 0 225
7 1 225
20 1 226
11 1 226
7 1 227
24 0 227
1 1 228
11 0 228
22 0 229
3 1 229
9 0 230
4 0 230
23 1 231
29 1 231
15 0 232
26 0 232
11 0 233
21 1 233
29 0 234
6 0 234
29 1 235
7 1 235
1 0 236
24 1 236
12 0 237
20 1 237
6 0 238
17 1 238
7 0 239
12 1 239
27 0 240
14 1 240
6 0 241
9 0 241
21 1 242
10 1 242
20 0 243
27 0 243
29 1 244
0 1 244
25 0 245
18 0 245
1 1 246
22 0 246
10 1 247
13 0 247
18 1 248
21 1 248
18 1 249
20 0 249
8 1 250
24 0 250
25 1 251
8 0 251
21 1 252
20 0 252
24 1 253
19 0 253
17 1 254
4 0 254
21 0 255
18 0 255
8 1 256
20 1 256
19 1 257
0 0 257
0 1 258
23 0 258
25 0 259
1 1 259
15 1 260
14 0 260
29 0 261
12 0 261
24 0 262
21 0 262
4 1 263
18 1 263
11 0 264
10 1 264
13 1 265
18 1 265
10 0 266
29 0 266
6 1 267
27 0 267
29 1 268
1 1 268
27 1 269
7 0 269
6 0 270
15 1 270
19 1 271
19 1 271
9 0 272
27 1 272
3 0 273
4 0 273
4 0 274
16 1 274
8 0 275
24 0 275
3 1 276
27 0 276
10 1 277
11 1 277
12 0 278
20 1 278
29 0 279
27 1 279
19 0 280
3 1 280
7 1 281
10 0 281
20 1 282
16 0 282
17 1 283
9 0 283
21 0 284
16 1 284
12 0 285
29 0 285
6 1 286
19 1 286
9 0 287
21 0 287
2 1 288
6 1 288
15 0 289
27 1 289
6 0 290
1 0 290
15 1 291
14 1 291
0 1 292
21 0 292
20 0 293
18 1 293
19 0 294
2 0 294
3 1 295
21 1 295
24 0 296
23 1 296
23 1 297
19 0 297
21 0 298
25 1 298
0 1 299
27 0 299
0 0 300
12 1 300
14 0 301
16 1 301
19 0 302
1 1 302
8 1 303
19 1 303
10 0 304
18 0 304
12 0 305
0 1 305
27 1 306
6 0 306
7 0 307
29 0 307
8 1 308
15 1 308
29 1 309
7 0 309
6 1 310
24 0 310
29 0 311
12 1 311
19 0 312
4 1 312
18 0 313
13 1 313
25 0 314
7 0 314
11 1 315
10 1 315
8 0 316
6 1 316
2 1 317
15 0 317
1 0 318
1 1 318
28 1 319
2 0 319
6 0 320
27 0 320
9 1 321
29 1 321
22 1 322
10 0 322
4 0 323
12 0 323
4 1 324
5 1 324
16 0 325
21 1 325
8 0 326
14 1 326
7 1 327
29 0 327
7 1 328
11 0 328
3 1 329
4 1 329
10 0 330
12 0 330
3 1 331
22 0 331
14 1 332
18 1 332
23 0 333
5 0 333
14 0 334
27 0 334
23 1 335
15 0 335
7 0 336
23 1 336
22 1 337
2 1 337
20 1 338
22 0 338
11 1 339
14 1 339
15 0 340
7 0 340
13 0 341
23 1 341
19 0 342
19 0 342
25 1 343
7 1 343
29 1 344
2 0 344
11 0 345
0 1 345
14 0 346
9 1 346
19 1 347
16 0 347
11 0 348
17 0 348
1 1 349
23 1 349
21 0 350
9 1 350
25 0 351
6 0 351
18 1 352
19 1 352
11 0 353
18 1 353
7 0 354
23 0 354
11 0 355
15 1 355
12 1 356
17 1 356
20 0 357
22 1 357
14 0 358
11 1 358
22 0 359
4 0 359
6 1 360
18 1 360
6 1 361
23 0 361
0 0 362
17 0 362
6 1 363
17 0 363
12 1 364
2 1 364
1 1 365
28 0 365
2 0 366
13 1 366
20 1 367
29 0 367
22 1 368
18 0 368
7 1 369
23 0 369
11 1 370
27 0 370
13 0 371
19 1 371
22 0 372
28 1 372
21 0 373
23 1 373
17 0 374
1 1 374
12 0 375
0 0 375
9 0 376
16 1 376
1 1 377
20 1 377
17 0 378
22 1 378
3 0 379
15 0 379
6 1 380
21 1 380
0 0 381
25 1 381
28 0 382
9 1 382
12 0 383
11 0 383
15 1 384
10 1 384
16 0 385
28 1 385
25 0 386
7 1 386
22 0 387
10 0 387
9 1 388
9 1 388
0 0 389
4 1 389
19 1 390
0 0 390
20 0 391
18 0 391
13 1 392
0 0 392
15 1 393
18 0 393
14 1 394
20 1 394
11 0 395
0 0 395
18 1 396
18 0 396
7 1 397
19 1 397
19 0 398
7 0 398
12 1 399
11 1 399
18 1 400
10 1 400
21 1 401
15 0 401
2 1 402
17 0 402
23 0 403
29 0 403
26 1 404
28 0 404
15 0 405
18 1 405
20 0 406
16 1 406
4 0 407
29 1 407
7 1 408
24 1 408
29 1 409
17 0 409
4 0 410
7 0 410
1 1 411
3 0 411
14 0 412
13 1 412
24 0 413
15 1 413
1 1 414
11 0 414
21 0 415
0 1 415
10 0 416
18 1 416
18 0 417
6 1 417
29 0 418
2 1 418
15 1 419
15 0 419
3 1 420
1 0 420
1 0 421
13 0 421
20 1 422
29 1 422
26 0 423
12 0 423
17 1 424
23 1 424
23 1 425
3 1 425
18 0 426
11 0 426
1 0 427
1 0 427
23 0 428
14 1 428
20 0 429
24 1 429
25 1 430
7 0 430
29 0 431
6 1 431
14 0 432
9 1 432
23 1 433
7 1 433
25 0 434
2 0 434
27 1 435
1 1 435
13 1 436
20 0 436
20 0 437
20 1 437
21 0 438
5 1 438
18 0 439
5 1 439
19 1 440
9 0 440
2 0 441
6 0 441
7 1 442
27 0 442
17 1 443
4 1 443
1 0 444
17 1 444
7 0 445
9 1 445
13 1 446
21 0 446
20 1 447
20 0 447
11 1 448
29 0 448
29 0 449
21 0 449
24 1 450
23 0 450
27 1 451
15 1 451
16 0 452
19 0 452
25 1 453
29 0 453
4 0 454
3 0 454
10 1 455
10 1 455
1 1 456
23 0 456
7 1 457
17 1 457
7 0 458
15 1 458
20 1 459
21 0 459
4 1 460
3 0 460
19 0 461
3 0 461
23 1 462
20 1 462
18 0 463
14 1 463
17 1 464
0 0 464
14 0 465
21 1 465
21 0 466
6 1 466
6 0 467
9 1 467
24 0 468
28 1 468
4 1 469
28 0 469
4 0 470
15 0 470
21 0 471
6 1 471
24 1 472
21 0 472
2 1 473
5 1 473
3 0 474
13 0 474
4 1 475
15 1 475
13 0 476
5 1 476
17 1 477
15 0 477
3 0 478
10 1 478
15 0 479
16 1 479
21 1 480
6 1 480
9 0 481
11 0 481
3 0 482
18 0 482
15 1 483
8 1 483
27 0 484
1 0 484
19 1 485
2 1 485
1 0 486
20 1 486
24 0 487
21 1 487
21 0 488
12 1 488
9 0 489
0 1 489
19 1 490
12 0 490
9 0 491
20 1 491
0 0 492
11 1 492
25 0 493
4 1 493
29 1 494
19 0 494
10 0 495
5 1 495
18 0 496
18 1 496
24 0 497
15 0 497
11 0 498
18 1 498
19 1 499
14 1 499
23 0 500
8 0 500
9 0 501
4 0 501
14 1 502
9 1 502
24 1 503
21 0 503
19 1 504
23 1 504
17 1 505
18 0 505
14 0 506
28 1 506
10 0 507
17 1 507
6 1 508
28 0 508
2 0 509
14 0 509
13 1 510
27 1 510
7 0 511
4 1 511
27 1 512
7 1 512
3 0 513
27 0 513
29 0 514
10 1 514
19 1 515
10 0 515
8 1 516
19 0 516
9 0 517
17 1 517
25 1 518
27 0 518
1 0 519
28 1 519
5 1 520
21 1 520
1 0 521
13 0 521
21 1 522
25 0 522
8 0 523
20 0 523
22 1 524
28 1 524
13 1 525
4 0 525
21 1 526
2 1 526
9 0 527
17 1 527
5 0 528
7 0 528
24 0 529
6 1 529
4 0 530
19 0 530
20 1 531
4 1 531
25 1 532
28 1 532
6 0 533
9 0 533
28 1 534
15 0 534
0 0 535
26 1 535
16 0 536
3 0 536
21 1 537
17 0 537
0 1 538
2 0 538
29 1 539
22 0 539
9 1 540
21 1 540
13 1 541
2 0 541
20 0 542
3 1 542
16 1 543
21 0 543
3 0 544
29 1 544
22 1 545
21 1 545
13 0 546
29 0 546
14 1 547
0 0 547
16 0 548
29 0 548
17 0 549
9 0 549
18 1 550
16 1 550
8 1 551
16 0 551
16 1 552
6 0 552
23 1 553
5 1 553
25 0 554
25 1 554
10 1 555
21 0 555
25 0 556
7 0 556
4 1 557
0 1 557
3 1 558
6 0 558
3 0 559
26 1 559
7 0 560
29 1 560
23 0 561
14 0 561
23 1 562
7 0 562
28 1 563
22 0 563
25 1 564
26 1 564
29 1 565
28 0 565
19 1 566
9 0 566
18 1 567
5 0 567
21 1 568
7 0 568
16 0 569
23 0 569
24 1 570
4 0 570
21 0 571
21 1 571
14 1 572
29 1 572
18 0 573
0 0 573
19 0 574
1 0 574
13 1 575
27 1 575
3 1 576
28 0 576
10 1 577
9 1 577
3 1 578
28 1 578
1 0 579
6 0 579
21 0 580
22 1 580
10 0 581
25 0 581
3 1 582
4 1 582
3 1 583
27 0 583
18 0 584
8 1 584
17 0 585
24 1 585
8 0 586
14 0 586
4 1 587
14 1 587
12 1 588
10 0 588
28 1 589
20 0 589
17 0 590
21 0 590
16 1 591
13 0 591
19 1 592
9 1 592
13 0 593
2 1 593
26 0 594
10 1 594
29 0 595
8 1 595
9 0 596
14 1 596
10 0 597
18 0 597
20 1 598
4 1 598
11 1 599
13 0 599
29 0 600
17 1 600
14 0 601
5 1 601
13 1 602
20 0 602
5 0 603
10 0 603
22 1 604
22 0 604
6 1 605
26 1 605
28 0 606
25 1 606
26 0 607
13 0 607
4 1 608
14 0 608
27 1 609
0 1 609
0 0 610
15 1 610
25 0 611
26 0 611
15 0 612
19 1 612
10 1 613
12 1 613
20 0 614
27 0 614
20 1 615
19 1 615
3 0 616
3 1 616
11 0 617
16 1 617
13 1 618
0 1 618
28 0 619
6 0 619
11 1 620
10 0 620
13 0 621
20 0 621
22 1 622
4 1 622
1 1 623
28 0 623
21 0 624
3 1 624
17 0 625
15 1 625
3 0 626
1 0 626
0 1 627
24 0 627
9 1 628
0 1 628
6 1 629
3 0 629
9 1 630
29 0 630
17 0 631
16 0 631
20 1 632
22 1 632
4 0 633
9 0 633
24 1 634
15 1 634
19 1 635
23 0 635
23 0 636
8 0 636
3 1 637
28 0 637
7 1 638
10 1 638
28 0 639
15 0 639
27 1 640
15 0 640
21 0 641
6 1 641
25 1 642
19 1 642
26 0 643
18 1 643
9 0 644
3 1 644
0 0 645
9 1 645
29 1 646
24 0 646
7 0 647
27 1 647
8 0 648
9 0 648
3 1 649
17 0 649
29 1 650
15 1 650
14 1 651
25 0 651
11 1 652
5 0 652
10 0 653
8 1 653
3 1 654
16 0 654
23 0 655
15 1 655
21 1 656
3 0 656
26 1 657
19 1 657
20 0 658
6 0 658
14 1 659
29 0 659
21 1 660
11 0 660
23 1 661
15 0 661
17 0 662
15 1 662
14 1 663
2 0 663
26 0 664
13 0 664
22 1 665
3 0 665
21 1 666
5 1 666
14 0 667
27 1 667
0 1 668
23 0 668
29 0 669
0 1 669
9 1 670
4 0 670
6 0 671
19 0 671
8 1 672
17 0 672
26 1 673
6 1 673
4 0 674
17 0 674
20 1 675
12 0 675
24 1 676
4 0 676
10 1 677
19 1 677
27 0 678
24 1 678
18 1 679
12 1 679
13 1 680
13 0 680
12 0 681
18 0 681
2 1 682
17 0 682
15 0 683
26 1 683
2 0 684
28 1 684
18 0 685
4 0 685
7 1 686
6 1 686
7 1 687
6 0 687
14 0 688
11 1 688
9 1 689
22 1 689
13 0 690
5 1 690
17 0 691
14 1 691
18 0 692
19 0 692
12 1 693
23 1 693
9 0 694
28 0 694
3 0 695
17 1 695
23 1 696
4 0 696
22 0 697
22 0 697
15 0 698
15 1 698
11 1 699
3 1 699
3 1 700
9 0 700
12 0 701
27 1 701
16 1 702
15 0 702
25 1 703
19 0 703
23 0 704
25 1 704
19 0 705
27 0 705
16 1 706
19 1 706
4 0 707
7 0 707
11 1 708
22 0 708
2 1 709
0 0 709
11 0 710
14 1 710
0 1 711
5 1 711
21 0 712
3 0 712
12 1 713
13 1 713
21 1 714
24 0 714
6 0 715
1 1 715
1 1 716
19 0 716
23 0 717
17 0 717
24 1 718
29 1 718
17 1 719
7 0 719
26 0 720
29 1 720
5 0 721
1 0 721
0 0 722
4 1 722
12 1 723
28 1 723
23 1 724
28 0 724
13 0 725
13 1 725
14 0 726
17 1 726
16 0 727
6 0 727
3 1 728
5 1 728
14 0 729
19 1 729
1 1 730
24 0 730
12 0 731
16 0 731
8 0 732
22 1 732
16 1 733
21 1 733
9 0 734
12 0 734
5 1 735
9 0 735
23 1 736
12 1 736
28 1 737
14 0 737
2 0 738
28 1 738
22 1 739
0 0 739
12 0 740
4 1 740
17 0 741
24 0 741
3 0 742
10 1 742
7 1 743
17 1 743
23 0 744
9 1 744
21 0 745
9 1 745
11 0 746
3 0 746
17 1 747
22 1 747
12 0 748
24 0 748
14 1 749
6 1 749
9 0 750
17 0 750
9 1 751
26 1 751
18 0 752
14 1 752
23 0 753
19 1 753
26 0 754
9 0 754
12 1 755
5 1 755
16 1 756
4 0 756
9 0 757
29 1 757
0 0 758
16 0 758
10 0 759
21 1 759
1 0 760
29 1 760
2 1 761
0 1 761
12 0 762
12 1 762
14 0 763
29 1 763
2 1 764
14 0 764
26 0 765
5 0 765
20 1 766
21 1 766
16 0 767
7 1 767
16 1 768
25 0 768
0 0 769
6 1 769
6 0 770
6 0 770
12 0 771
27 1 771
3 1 772
2 1 772
13 0 773
22 0 773
13 1 774
13 1 774
3 0 775
5 1 775
20 0 776
17 0 776
1 1 777
26 1 777
28 0 778
24 1 778
0 0 779
6 1 779
21 0 780
28 1 780
13 0 781
26 0 781
25 0 782
27 1 782
20 1 783
20 0 783
7 1 784
25 1 784
9 0 785
23 0 785
27 0 786
8 1 786
24 0 787
26 1 787
2 1 788
24 1 788
21 0 789
9 0 789
2 0 790
27 1 790
4 1 791
9 0 791
12 1 792
8 1 792
1 0 793
25 1 793
17 1 794
11 0 794
2 0 795
8 0 795
19 1 796
26 1 796
23 1 797
29 0 797
26 0 798
21 0 798
23 1 799
16 0 799
21 1 800
21 0 800
24 1 801
4 0 801
10 1 802
28 1 802
3 0 803
21 1 803
22 0 804
27 1 804
8 1 805
23 0 805
13 0 806
19 1 806
8 1 807
5 0 807
17 0 808
17 1 808
6 0 809
1 0 809
22 1 810
19 1 810
28 0 811
12 0 811
2 1 812
9 0 812
20 1 813
28 1 813
0 1 814
11 0 814
7 0 815
7 1 815
14 1 816
13 0 816
3 1 817
5 0 817
16 1 818
19 0 818
24 1 819
23 0 819
22 1 820
28 0 820
29 0 821
28 0 821
28 1 822
28 1 822
0 0 823
25 1 823
1 1 824
14 0 824
8 1 825
5 0 825
3 0 826
1 1 826
24 1 827
24 0 827
13 0 828
29 1 828
29 0 829
2 1 829
26 0 830
15 1 830
20 0 831
28 0 831
18 1 832
21 1 832
7 1 833
22 0 833
28 0 834
17 0 834
5 1 835
23 1 835
10 0 836
23 0 836
8 1 837
5 1 837
28 0 838
8 1 838
10 1 839
20 0 839
7 1 840
13 0 840
22 0 841
8 0 841
0 1 842
23 1 842
20 1 843
13 0 843
6 0 844
27 1 844
5 1 845
24 0 845
1 0 846
26 1 846
22 0 847
9 1 847
25 0 848
8 0 848
13 1 849
0 1 849
28 1 850
20 0 850
4 1 851
21 0 851
27 0 852
23 1 852
2 1 853
17 0 853
16 1 854
18 0 854
21 1 855
3 0 855
25 1 856
20 0 856
25 0 857
7 1 857
2 1 858
8 0 858
15 0 859
12 1 859
5 1 860
4 0 860
8 1 861
29 0 861
1 1 862
0 0 862
5 1 863
22 1 863
1 0 864
29 0 864
8 1 865
13 0 865
26 0 866
0 1 866
4 0 867
5 1 867
15 1 868
3 0 868
27 0 869
13 1 869
22 0 870
7 0 870
23 1 871
20 1 871
10 0 872
2 1 872
0 1 873
13 0 873
19 0 874
19 1 874
24 0 875
11 1 875
24 0 876
11 0 876
15 1 877
5 0 877
7 1 878
16 1 878
23 0 879
9 1 879
29 0 880
12 1 880
22 1 881
4 1 881
12 0 882
2 0 882
8 0 883
10 0 883
6 1 884
12 1 884
9 0 885
11 1 885
1 0 886
4 1 886
20 0 887
27 1 887
7 0 888
16 1 888
20 0 889
27 0 889
26 1 890
27 0 890
5 1 891
26 1 891
22 0 892
20 0 892
3 0 893
11 1 893
2 1 894
28 1 894
28 0 895
8 1 895
10 1 896
9 0 896
17 0 897
28 1 897
21 0 898
6 1 898
27 0 899
0 1 899
20 0 900
20 1 900
5 0 901
25 0 901
0 0 902
20 1 902
15 1 903
24 1 903
2 0 904
28 1 904
18 1 905
19 0 905
19 0 906
22 1 906
4 0 907
25 0 907
15 1 908
12 0 908
18 1 909
22 1 909
5 0 910
2 1 910
28 0 911
11 0 911
16 1 912
28 0 912
18 1 913
6 1 913
29 1 914
18 0 914
20 0 915
16 1 915
10 1 916
20 0 916
6 0 917
13 1 917
19 0 918
10 0 918
0 1 919
11 1 919
6 1 920
6 0 920
6 0 921
14 1 921
18 0 922
15 0 922
25 1 923
13 1 923
24 1 924
18 0 924
21 0 925
29 0 925
12 1 926
21 1 926
12 0 927
2 0 927
2 1 928
15 1 928
17 1 929
2 1 929
21 0 930
17 0 930
10 0 931
10 1 931
22 1 932
26 0 932
0 0 933
22 1 933
24 0 934
19 1 934
20 0 935
25 1 935
27 0 936
6 1 936
21 0 937
7 0 937
25 1 938
9 1 938
13 0 939
23 0 939
8 1 940
17 1 940
8 0 941
20 0 941
2 1 942
3 1 942
19 0 943
21 1 943
7 1 944
17 0 944
14 1 945
24 0 945
5 0 946
15 1 946
21 0 947
15 1 947
27 0 948
20 1 948
22 0 949
29 1 949
25 0 950
5 1 950
1 1 951
15 0 951
14 1 952
12 0 952
19 1 953
22 0 953
13 0 954
14 1 954
0 0 955
3 1 955
15 1 956
6 0 956
7 0 957
26 1 957
7 1 958
25 1 958
5 0 959
10 0 959
4 0 960
14 0 960
27 1 961
6 1 961
10 1 962
8 0 962
3 1 963
6 1 963
5 0 964
16 0 964
25 0 965
23 0 965
20 1 966
8 1 966
6 0 967
15 1 967
21 1 968
29 0 968
15 0 969
20 0 969
9 1 970
29 1 970
3 0 971
18 1 971
16 0 972
1 1 972
25 1 973
26 0 973
22 1 974
0 0 974
23 1 975
7 0 975
16 0 976
8 1 976
21 0 977
10 1 977
27 0 978
5 1 978
1 0 979
14 0 979
14 1 980
27 1 980
18 1 981
7 0 981
20 0 982
1 0 982
28 1 983
9 0 983
21 1 984
13 1 984
21 1 985
25 1 985
10 0 986
20 0 986
22 1 987
11 0 987
9 0 988
26 1 988
18 0 989
18 0 989
2 0 990
29 1 990
12 1 991
16 0 991
13 1 992
7 1 992
21 0 993
13 0 993
4 1 994
10 1 994
15 0 995
23 1 995
14 0 996
15 1 996
23 1 997
8 1 997
0 0 998
28 0 998
3 1 999
26 1 999
27 1 1000
29 0 1000
16 0 1001
16 0 1001
13 1 1002
11 0 1002
14 0 1003
14 0 1003
9 1 1004
25 1 1004
27 0 1005
10 1 1005
22 0 1006
20 0 1006
8 0 1007
17 1 1007
8 1 1008
9 0 1008
21 1 1009
1 1 1009
2 0 1010
12 1 1010
23 0 1011
3 0 1011
18 1 1012
3 1 1012
23 0 1013
29 0 1013
14 1 1014
1 0 1014
12 0 1015
23 1 1015
13 1 1016
5 0 1016
28 1 1017
15 0 1017
24 1 1018
1 1 1018
25 0 1019
19 1 1019
7 0 1020
3 1 1020
17 1 1021
25 0 1021
6 0 1022
28 0 1022
6 1 1023
5 1 1023
27 0 1024
15 0 1024
12 1 1025
22 1 1025
5 0 1026
7 1 1026
8 0 1027
19 1 1027
28 1 1028
24 0 1028
12 0 1029
21 0 1029
12 1 1030
0 1 1030
12 1 1031
1 1 1031
13 0 1032
19 0 1032
18 1 1033
23 0 1033
5 0 1034
3 1 1034
25 0 1035
5 1 1035
5 1 1036
4 0 1036
29 1 1037
19 0 1037
12 1 1038
2 0 1038
29 0 1039
11 1 1039
2 0 1040
21 0 1040
26 1 1041
14 1 1041
17 0 1042
17 0 1042
27 1 1043
6 0 1043
23 1 1044
20 1 1044
6 0 1045
15 1 1045
14 1 1046
22 0 1046
7 0 1047
3 1 1047
18 0 1048
18 0 1048
28 1 1049
23 1 1049
27 0 1050
25 0 1050
0 0 1051
15 1 1051
3 0 1052
10 0 1052
11 1 1053
29 1 1053
20 1 1054
6 1 1054
14 0 1055
26 1 1055
28 0 1056
25 1 1056
12 0 1057
18 1 1057
9 1 1058
13 0 1058
25 0 1059
6 1 1059
18 0 1060
11 1 1060
20 1 1061
21 0 1061
28 0 1062
6 0 1062
25 1 1063
28 0 1063
2 1 1064
7 1 1064
20 0 1065
2 0 1065
3 1 1066
21 0 1066
23 0 1067
12 1 1067
27 1 1068
9 1 1068
8 0 1069
9 0 1069
25 1 1070
3 1 1070
19 0 1071
13 1 1071
23 1 1072
23 0 1072
27 0 1073
6 1 1073
11 0 1074
6 1 1074
4 1 1075
7 1 1075
14 0 1076
7 0 1076
15 0 1077
14 1 1077
19 0 1078
23 1 1078
6 0 1079
12 0 1079
5 1 1080
17 1 1080
22 0 1081
15 1 1081
15 0 1082
6 1 1082
23 0 1083
29 0 1083
7 1 1084
6 1 1084
7 1 1085
8 0 1085
24 1 1086
20 0 1086
6 0 1087
11 0 1087
25 1 1088
4 0 1088
7 1 1089
11 1 1089
3 0 1090
25 0 1090
20 0 1091
12 1 1091
12 1 1092
21 1 1092
23 0 1093
25 1 1093
14 1 1094
14 0 1094
10 0 1095
11 1 1095
6 1 1096
13 0 1096
19 0 1097
2 1 1097
6 1 1098
13 1 1098
22 0 1099
7 0 1099
21 0 1100
7 0 1100
29 1 1101
10 1 1101
23 0 1102
22 1 1102
14 0 1103
3 0 1103
24 1 1104
4 1 1104
3 1 1105
19 0 1105
21 1 1106
25 0 1106
4 0 1107
14 1 1107
7 1 1108
2 0 1108
11 0 1109
26 1 1109
29 1 1110
26 0 1110
0 1 1111
6 0 1111
3 1 1112
7 0 1112
0 0 1113
1 1 1113
11 0 1114
10 1 1114
5 1 1115
1 0 1115
23 1 1116
25 1 1116
17 0 1117
2 0 1117
8 1 1118
12 0 1118
14 1 1119
7 0 1119
13 0 1120
24 0 1120
13 1 1121
18 1 1121
23 0 1122
21 0 1122
23 1 1123
9 0 1123
6 1 1124
16 1 1124
0 1 1125
4 1 1125
18 0 1126
12 0 1126
5 0 1127
9 1 1127
11 1 1128
19 0 1128
1 1 1129
1 0 1129
8 1 1130
9 0 1130
2 0 1131
15 0 1131
25 1 1132
4 0 1132
14 1 1133
10 1 1133
29 1 1134
2 0 1134
25 0 1135
12 1 1135
11 0 1136
25 0 1136
9 1 1137
5 0 1137
8 1 1138
23 1 1138
25 0 1139
9 1 1139
26 0 1140
7 0 1140
8 1 1141
23 1 1141
19 0 1142
5 0 1142
5 1 1143
25 1 1143
15 0 1144
29 0 1144
10 1 1145
28 1 1145
1 0 1146
4 1 1146
14 0 1147
13 0 1147
14 1 1148
2 0 1148
16 1 1149
9 0 1149
0 1 1150
24 0 1150
24 1 1151
3 1 1151
29 0 1152
10 0 1152
15 1 1153
27 1 1153
17 1 1154
23 0 1154
4 0 1155
15 0 1155
9 1 1156
12 1 1156
6 0 1157
7 0 1157
13 1 1158
28 1 1158
5 0 1159
5 1 1159
5 1 1160
16 0 1160
1 0 1161
10 0 1161
18 1 1162
14 1 1162
14 0 1163
2 1 1163
18 1 1164
2 0 1164
3 0 1165
20 1 1165
12 0 1166
24 1 1166
7 0 1167
12 0 1167
26 1 1168
28 0 1168
9 1 1169
11 1 1169
28 1 1170
26 0 1170
19 0 1171
29 0 1171
3 1 1172
13 1 1172
23 0 1173
23 0 1173
0 1 1174
18 1 1174
7 0 1175
19 0 1175
25 1 1176
2 1 1176
12 0 1177
19 1 1177
28 0 1178
9 0 1178
29 1 1179
2 1 1179
26 0 1180
10 0 1180
11 1 1181
15 0 1181
25 1 1182
29 1 1182
7 1 1183
6 0 1183
0 0 1184
7 0 1184
1 1 1185
25 1 1185
3 0 1186
10 1 1186
20 0 1187
9 1 1187
21 1 1188
15 0 1188
16 0 1189
4 1 1189
3 0 1190
19 0 1190
26 1 1191
29 0 1191
25 0 1192
24 0 1192
20 1 1193
18 1 1193
22 1 1194
7 1 1194
9 1 1195
8 0 1195
25 1 1196
14 0 1196
24 1 1197
2 0 1197
27 1 1198
21 0 1198
20 1 1199
12 0 1199
25 0 1200
17 1 1200
28 0 1201
11 1 1201
13 1 1202
1 0 1202
1 1 1203
14 0 1203
8 1 1204
24 0 1204
20 0 1205
6 0 1205
23 1 1206
23 1 1206
23 0 1207
23 1 1207
0 0 1208
2 1 1208
14 0 1209
22 0 1209
13 1 1210
27 1 1210
21 1 1211
26 0 1211
3 0 1212
8 1 1212
2 1 1213
1 1 1213
9 1 1214
11 0 1214
5 0 1215
13 0 1215
16 1 1216
25 0 1216
2 0 1217
22 1 1217
27 0 1218
0 1 1218
13 0 1219
5 1 1219
26 1 1220
19 1 1220
10 0 1221
25 0 1221
22 1 1222
26 0 1222
14 1 1223
18 1 1223
25 0 1224
10 0 1224
29 1 1225
9 0 1225
27 1 1226
8 0 1226
9 0 1227
24 1 1227
18 0 1228
26 1 1228
23 1 1229
3 0 1229
4 1 1230
22 0 1230
15 0 1231
0 1 1231
26 0 1232
27 1 1232
14 0 1233
29 1 1233
10 1 1234
1 0 1234
22 0 1235
4 1 1235
17 0 1236
28 1 1236
6 0 1237
27 1 1237
21 1 1238
26 0 1238
20 0 1239
23 1 1239
11 1 1240
28 0 1240
5 1 1241
23 0 1241
28 1 1242
14 1 1242
24 1 1243
10 0 1243
27 1 1244
19 0 1244
4 0 1245
6 0 1245
13 0 1246
8 0 1246
27 1 1247
9 1 1247
28 0 1248
7 1 1248
18 1 1249
22 0 1249
17 0 1250
17 1 1250
17 0 1251
17 1 1251
24 1 1252
13 0 1252
25 0 1253
24 1 1253
11 1 1254
16 0 1254
23 1 1255
26 0 1255
10 0 1256
29 0 1256
3 1 1257
14 0 1257
3 1 1258
6 1 1258
21 0 1259
13 1 1259
1 1 1260
11 0 1260
29 1 1261
26 0 1261
11 0 1262
25 1 1262
12 0 1263
22 1 1263
13 0 1264
14 1 1264
4 0 1265
13 0 1265
24 1 1266
27 0 1266
0 0 1267
15 1 1267
22 0 1268
5 0 1268
12 1 1269
20 1 1269
7 1 1270
10 1 1270
23 0 1271
18 1 1271
23 0 1272
2 1 1272
4 1 1273
4 0 1273
21 1 1274
5 0 1274
6 1 1275
11 0 1275
21 0 1276
24 0 1276
18 1 1277
10 1 1277
18 1 1278
7 0 1278
19 0 1279
11 0 1279
4 0 1280
18 1 1280
0 1 1281
22 0 1281
22 0 1282
15 1 1282
27 1 1283
24 0 1283
20 1 1284
29 1 1284
6 1 1285
11 0 1285
24 0 1286
29 0 1286
24 1 1287
12 1 1287
29 0 1288
14 1 1288
14 1 1289
12 1 1289
0 1 1290
18 0 1290
2 1 1291
22 0 1291
3 0 1292
5 0 1292
24 1 1293
29 0 1293
6 0 1294
20 0 1294
10 1 1295
1 1 1295
5 1 1296
25 0 1296
2 0 1297
26 1 1297
23 0 1298
27 1 1298
23 0 1299
29 1 1299
20 1 1300
8 0 1300
12 1 1301
12 0 1301
28 1 1302
7 0 1302
24 0 1303
24 1 1303
2 0 1304
3 0 1304
16 1 1305
14 0 1305
23 1 1306
11 1 1306
15 1 1307
13 1 1307
17 0 1308
8 0 1308
13 1 1309
1 0 1309
24 0 1310
25 1 1310
23 1 1311
25 0 1311
21 0 1312
4 1 1312
27 1 1313
9 0 1313
27 1 1314
25 1 1314
15 0 1315
19 1 1315
7 0 1316
13 0 1316
5 0 1317
5 1 1317
11 0 1318
22 1 1318
6 0 1319
2 1 1319
2 0 1320
23 0 1320
27 1 1321
13 0 1321
16 0 1322
14 0 1322
4 1 1323
8 1 1323
26 1 1324
7 1 1324
9 0 1325
8 1 1325
27 1 1326
7 1 1326
15 0 1327
13 1 1327
19 0 1328
9 0 1328
29 0 1329
26 0 1329
1 0 1330
17 1 1330
5 1 1331
9 1 1331
15 1 1332
1 0 1332
11 1 1333
10 0 1333
2 1 1334
15 0 1334
19 0 1335
18 1 1335
25 1 1336
2 0 1336
25 0 1337
3 1 1337
8 0 1338
11 1 1338
7 0 1339
29 1 1339
14 0 1340
8 1 1340
14 0 1341
24 0 1341
1 1 1342
16 1 1342
23 1 1343
15 0 1343
0 1 1344
25 0 1344
0 0 1345
0 0 1345
25 1 1346
12 1 1346
14 1 1347
11 0 1347
9 0 1348
27 1 1348
22 1 1349
11 0 1349
27 0 1350
10 0 1350
1 1 1351
7 0 1351
9 1 1352
3 1 1352
9 1 1353
20 1 1353
14 0 1354
0 0 1354
25 0 1355
19 1 1355
7 1 1356
27 0 1356
5 1 1357
2 0 1357
9 0 1358
2 0 1358
15 1 1359
19 1 1359
25 1 1360
12 0 1360
17 0 1361
4 0 1361
3 1 1362
7 1 1362
1 1 1363
15 0 1363
14 1 1364
6 0 1364
24 0 1365
3 1 1365
29 1 1366
10 1 1366
3 0 1367
23 1 1367
14 0 1368
20 0 1368
12 0 1369
29 1 1369
10 1 1370
3 0 1370
23 0 1371
27 1 1371
29 1 1372
23 0 1372
28 0 1373
16 0 1373
26 1 1374
11 1 1374
6 0 1375
11 1 1375
17 1 1376
17 0 1376
1 0 1377
19 0 1377
5 1 1378
0 1 1378
6 0 1379
9 1 1379
3 0 1380
8 0 1380
2 1 1381
24 0 1381
25 1 1382
2 1 1382
10 0 1383
25 0 1383
18 1 1384
26 1 1384
11 1 1385
9 0 1385
2 1 1386
19 0 1386
22 0 1387
15 1 1387
13 0 1388
26 0 1388
26 1 1389
26 0 1389
11 1 1390
18 0 1390
7 1 1391
7 1 1391
18 0 1392
28 1 1392
2 0 1393
0 0 1393
24 0 1394
19 1 1394
26 1 1395
3 1 1395
21 1 1396
22 0 1396
26 0 1397
18 1 1397
26 0 1398
4 1 1398
8 0 1399
25 1 1399
11 0 1400
28 1 1400
3 0 1401
11 1 1401
12 1 1402
25 0 1402
19 1 1403
1 0 1403
13 1 1404
2 0 1404
19 1 1405
13 0 1405
23 1 1406
24 1 1406
27 0 1407
12 0 1407
10 0 1408
26 0 1408
14 1 1409
25 1 1409
9 0 1410
11 0 1410
4 1 1411
11 1 1411
19 1 1412
27 0 1412
6 0 1413
23 0 1413
27 1 1414
22 1 1414
22 0 1415
14 1 1415
23 0 1416
9 0 1416
0 1 1417
15 1 1417
24 1 1418
12 0 1418
7 1 1419
3 0 1419
18 1 1420
19 0 1420
14 1 1421
20 0 1421
8 0 1422
3 0 1422
19 1 1423
11 1 1423
10 0 1424
3 1 1424
0 1 1425
8 0 1425
7 1 1426
28 0 1426
15 0 1427
5 1 1427
2 1 1428
18 0 1428
19 0 1429
4 0 1429
27 1 1430
14 1 1430
13 1 1431
13 0 1431
25 0 1432
12 1 1432
22 1 1433
7 0 1433
12 1 1434
7 0 1434
0 0 1435
1 1 1435
19 1 1436
1 0 1436
0 0 1437
12 1 1437
8 0 1438
16 1 1438
14 1 1439
8 0 1439
23 1 1440
21 0 1440
5 1 1441
18 0 1441
12 0 1442
24 1 1442
8 0 1443
23 1 1443
9 1 1444
16 1 1444
26 1 1445
3 0 1445
0 0 1446
5 0 1446
2 1 1447
0 0 1447
26 1 1448
3 0 1448
16 0 1449
15 1 1449
28 0 1450
21 1 1450
19 1 1451
19 0 1451
14 0 1452
7 1 1452
21 0 1453
7 1 1453
1 0 1454
19 1 1454
6 1 1455
15 0 1455
11 1 1456
29 0 1456
2 0 1457
3 0 1457
15 1 1458
27 1 1458
9 1 1459
18 0 1459
26 0 1460
29 1 1460
26 1 1461
22 0 1461
23 1 1462
27 0 1462
7 0 1463
25 1 1463
16 0 1464
13 1 1464
26 0 1465
19 1 1465
9 1 1466
23 0 1466
14 0 1467
8 1 1467
5 0 1468
7 0 1468
22 1 1469
25 1 1469
27 0 1470
12 0 1470
19 1 1471
27 0 1471
12 1 1472
21 1 1472
2 0 1473
24 0 1473
3 1 1474
21 1 1474
5 0 1475
20 0 1475
22 1 1476
13 1 1476
11 0 1477
15 1 1477
7 0 1478
3 0 1478
10 1 1479
14 0 1479
0 1 1480
20 1 1480
18 0 1481
0 1 1481
18 0 1482
0 0 1482
27 1 1483
13 1 1483
27 0 1484
11 1 1484
10 0 1485
6 1 1485
12 0 1486
13 1 1486
26 0 1487
28 1 1487
25 0 1488
12 1 1488
18 0 1489
3 0 1489
6 1 1490
8 1 1490
13 0 1491
5 1 1491
22 1 1492
27 0 1492
29 0 1493
16 1 1493
27 1 1494
15 0 1494
23 0 1495
15 1 1495
13 0 1496
16 1 1496
29 1 1497
28 0 1497
5 0 1498
12 1 1498
22 1 1499
10 1 1499
25 0 1500
6 0 1500
8 0 1501
23 1 1501
15 0 1502
10 0 1502
12 1 1503
5 1 1503
14 1 1504
18 0 1504
13 0 1505
20 0 1505
18 1 1506
7 0 1506
25 1 1507
12 1 1507
7 0 1508
7 0 1508
23 1 1509
11 1 1509
14 0 1510
21 1 1510
19 0 1511
25 1 1511
8 0 1512
22 1 1512
0 1 1513
5 0 1513
25 0 1514
13 0 1514
0 1 1515
14 0 1515
7 1 1516
11 1 1516
12 0 1517
10 1 1517
15 1 1518
19 0 1518
2 0 1519
24 0 1519
12 1 1520
18 1 1520
15 0 1521
9 1 1521
29 0 1522
1 1 1522
6 0 1523
14 0 1523
2 0 1524
26 1 1524
5 1 1525
19 1 1525
24 0 1526
26 1 1526
27 0 1527
5 0 1527
8 1 1528
3 1 1528
28 1 1529
19 0 1529
7 0 1530
19 1 1530
18 0 1531
4 0 1531
16 1 1532
25 1 1532
8 1 1533
16 0 1533
15 1 1534
18 0 1534
25 1 1535
22 0 1535
19 1 1536
15 0 1536
8 0 1537
27 1 1537
0 0 1538
8 1 1538
22 0 1539
0 0 1539
5 1 1540
8 1 1540
9 0 1541
12 0 1541
23 1 1542
26 1 1542
10 0 1543
9 0 1543
1 1 1544
23 1 1544
21 0 1545
23 0 1545
3 1 1546
3 1 1546
8 0 1547
27 1 1547
9 0 1548
21 1 1548
5 0 1549
5 0 1549
29 1 1550
6 0 1550
28 1 1551
11 0 1551
1 1 1552
4 0 1552
15 1 1553
22 1 1553
23 0 1554
28 1 1554
12 0 1555
11 1 1555
2 1 1556
3 0 1556
16 0 1557
16 1 1557
16 0 1558
8 1 1558
0 0 1559
21 0 1559
18 1 1560
25 0 1560
7 1 1561
12 1 1561
14 1 1562
21 0 1562
19 1 1563
9 1 1563
16 0 1564
22 0 1564
5 0 1565
14 0 1565
12 1 1566
14 1 1566
8 0 1567
7 0 1567
14 1 1568
4 1 1568
3 0 1569
21 0 1569
9 1 1570
20 1 1570
12 0 1571
26 1 1571
20 1 1572
29 0 1572
15 0 1573
8 0 1573
23 1 1574
20 1 1574
4 1 1575
3 0 1575
20 1 1576
23 0 1576
28 0 1577
11 0 1577
3 1 1578
4 0 1578
14 1 1579
9 1 1579
3 1 1580
8 0 1580
3 0 1581
5 1 1581
15 1 1582
27 0 1582
22 0 1583
20 0 1583
1 0 1584
29 1 1584
23 0 1585
8 1 1585
8 1 1586
5 0 1586
22 1 1587
19 1 1587
5 1 1588
22 0 1588
20 0 1589
5 1 1589
1 0 1590
20 1 1590
23 0 1591
8 1 1591
2 0 1592
12 1 1592
4 0 1593
5 0 1593
3 1 1594
25 1 1594
20 0 1595
16 1 1595
21 1 1596
18 0 1596
12 0 1597
12 0 1597
15 1 1598
19 1 1598
9 0 1599
21 1 1599
26 0 1600
19 1 1600
26 0 1601
5 1 1601
28 0 1602
7 1 1602
16 0 1603
26 1 1603
21 0 1604
26 1 1604
17 1 1605
11 0 1605
23 1 1606
22 0 1606
5 0 1607
21 1 1607
20 1 1608
15 0 1608
3 0 1609
10 1 1609
19 0 1610
3 1 1610
13 1 1611
29 0 1611
22 0 1612
6 1 1612
1 1 1613
26 0 1613
13 0 1614
9 0 1614
29 1 1615
6 0 1615
7 0 1616
26 0 1616
11 1 1617
22 1 1617
14 1 1618
17 1 1618
5 0 1619
14 1 1619
18 0 1620
20 1 1620
19 0 1621
10 1 1621
1 0 1622
14 1 1622
9 0 1623
6 1 1623
6 1 1624
6 0 1624
9 0 1625
20 0 1625
12 1 1626
12 1 1626
21 1 1627
11 1 1627
19 0 1628
10 0 1628
3 0 1629
17 0 1629
27 1 1630
26 1 1630
26 0 1631
1 1 1631
25 0 1632
17 1 1632
1 0 1633
15 1 1633
14 0 1634
5 0 1634
27 0 1635
19 0 1635
0 1 1636
25 1 1636
5 1 1637
20 1 1637
18 1 1638
3 0 1638
20 0 1639
0 1 1639
22 0 1640
17 1 1640
10 0 1641
28 1 1641
20 0 1642
13 1 1642
11 1 1643
12 0 1643
9 1 1644
28 0 1644
26 1 1645
13 0 1645
17 0 1646
16 1 1646
29 1 1647
15 0 1647
23 0 1648
5 1 1648
21 0 1649
12 1 1649
29 0 1650
5 0 1650
25 0 1651
10 1 1651
5 0 1652
17 1 1652
20 1 1653
16 1 1653
27 0 1654
15 1 1654
10 0 1655
18 1 1655
23 0 1656
0 1 1656
5 1 1657
9 0 1657
21 0 1658
16 1 1658
25 0 1659
8 1 1659
27 0 1660
15 0 1660
11 1 1661
24 1 1661
26 0 1662
22 1 1662
22 0 1663
20 1 1663
12 0 1664
17 1 1664
20 0 1665
27 1 1665
18 1 1666
19 1 1666
12 0 1667
5 0 1667
8 0 1668
17 1 1668
18 0 1669
14 1 1669
17 1 1670
8 0 1670
25 0 1671
12 1 1671
12 1 1672
5 0 1672
4 1 1673
15 0 1673
19 0 1674
17 0 1674
28 1 1675
5 1 1675
20 1 1676
24 0 1676
21 1 1677
28 0 1677
29 0 1678
19 1 1678
4 1 1679
0 1 1679
12 1 1680
6 1 1680
26 0 1681
0 0 1681
0 0 1682
25 0 1682
12 0 1683
11 0 1683
8 0 1684
7 1 1684
19 1 1685
13 1 1685
5 0 1686
18 1 1686
6 0 1687
7 0 1687
14 0 1688
18 1 1688
17 1 1689
4 0 1689
24 1 1690
16 0 1690
0 1 1691
15 1 1691
26 1 1692
26 0 1692
19 0 1693
8 1 1693
6 1 1694
13 1 1694
16 0 1695
25 0 1695
11 0 1696
17 0 1696
5 1 1697
1 1 1697
29 1 1698
11 0 1698
17 0 1699
16 0 1699
13 1 1700
24 1 1700
9 1 1701
19 0 1701
0 0 1702
12 0 1702
21 1 1703
8 1 1703
0 0 1704
17 0 1704
25 1 1705
11 0 1705
11 1 1706
14 1 1706
23 1 1707
0 1 1707
26 0 1708
9 0 1708
16 1 1709
15 0 1709
29 1 1710
15 1 1710
28 0 1711
16 1 1711
8 1 1712
9 1 1712
1 0 1713
18 1 1713
1 0 1714
14 0 1714
23 0 1715
13 1 1715
17 0 1716
13 0 1716
26 1 1717
25 1 1717
21 1 1718
8 0 1718
5 0 1719
4 0 1719
8 0 1720
25 0 1720
6 1 1721
5 0 1721
16 0 1722
17 1 1722
5 1 1723
15 1 1723
16 0 1724
3 1 1724
14 1 1725
8 0 1725
13 0 1726
19 0 1726
3 1 1727
5 1 1727
27 0 1728
18 1 1728
11 0 1729
10 1 1729
17 1 1730
29 0 1730
13 0 1731
8 0 1731
26 1 1732
28 1 1732
13 1 1733
0 0 1733
25 1 1734
9 0 1734
7 1 1735
23 1 1735
13 0 1736
13 0 1736
11 0 1737
6 0 1737
27 1 1738
20 1 1738
7 0 1739
26 0 1739
22 1 1740
6 1 1740
14 0 1741
22 1 1741
26 0 1742
14 1 1742
29 0 1743
12 1 1743
8 0 1744
18 0 1744
12 1 1745
23 1 1745
17 1 1746
25 0 1746
22 0 1747
20 0 1747
11 1 1748
28 1 1748
12 0 1749
20 0 1749
10 1 1750
6 1 1750
27 1 1751
18 0 1751
29 0 1752
28 1 1752
19 1 1753
12 1 1753
6 0 1754
28 0 1754
9 1 1755
12 0 1755
21 0 1756
19 1 1756
28 0 1757
18 1 1757
16 1 1758
15 0 1758
20 0 1759
9 0 1759
10 1 1760
9 1 1760
20 0 1761
5 1 1761
22 0 1762
11 1 1762
14 0 1763
26 1 1763
8 1 1764
29 0 1764
7 1 1765
15 0 1765
6 1 1766
12 0 1766
19 0 1767
27 1 1767
29 0 1768
0 1 1768
10 0 1769
14 1 1769
12 1 1770
0 0 1770
27 0 1771
13 1 1771
21 1 1772
26 1 1772
18 0 1773
1 1 1773
20 0 1774
9 0 1774
0 0 1775
18 0 1775
14 1 1776
1 1 1776
17 0 1777
22 1 1777
28 0 1778
14 1 1778
15 1 1779
21 0 1779
6 1 1780
1 0 1780
26 0 1781
26 1 1781
23 0 1782
11 1 1782
27 0 1783
13 1 1783
19 0 1784
27 1 1784
23 0 1785
17 1 1785
19 0 1786
8 1 1786
12 0 1787
25 1 1787
6 0 1788
14 1 1788
7 0 1789
23 1 1789
15 0 1790
25 0 1790
9 1 1791
16 0 1791
17 0 1792
2 1 1792
22 1 1793
18 1 1793
6 1 1794
9 0 1794
29 0 1795
26 1 1795
23 0 1796
13 0 1796
1 1 1797
1 1 1797
18 0 1798
12 0 1798
17 1 1799
3 1 1799
19 0 1800
14 0 1800
5 1 1801
0 1 1801
13 0 1802
0 1 1802
8 1 1803
27 1 1803
1 0 1804
5 0 1804
17 0 1805
14 0 1805
25 1 1806
22 1 1806
2 0 1807
15 0 1807
26 1 1808
14 0 1808
1 0 1809
24 1 1809
19 1 1810
24 1 1810
8 0 1811
21 0 1811
9 1 1812
20 1 1812
18 1 1813
26 1 1813
17 0 1814
1 0 1814
25 0 1815
13 1 1815
20 1 1816
26 0 1816
25 0 1817
19 0 1817
17 1 1818
17 1 1818
9 0 1819
5 0 1819
1 1 1820
9 1 1820
12 0 1821
1 1 1821
18 0 1822
10 1 1822
12 0 1823
27 0 1823
16 1 1824
24 0 1824
17 1 1825
4 1 1825
1 0 1826
11 1 1826
8 0 1827
29 1 1827
24 1 1828
12 0 1828
26 1 1829
20 0 1829
1 1 1830
18 0 1830
9 0 1831
17 0 1831
7 1 1832
14 1 1832
21 0 1833
28 1 1833
6 0 1834
1 0 1834
19 1 1835
8 0 1835
29 1 1836
28 1 1836
17 0 1837
15 1 1837
17 0 1838
15 1 1838
21 0 1839
6 0 1839
13 1 1840
22 1 1840
29 0 1841
0 1 1841
2 1 1842
5 0 1842
5 0 1843
17 1 1843
20 0 1844
2 1 1844
17 0 1845
18 0 1845
22 1 1846
16 0 1846
5 1 1847
18 1 1847
17 0 1848
2 1 1848
17 0 1849
1 1 1849
4 1 1850
22 0 1850
22 1 1851
26 0 1851
19 0 1852
28 0 1852
3 1 1853
24 0 1853
20 1 1854
29 1 1854
25 1 1855
1 0 1855
12 0 1856
6 1 1856
27 0 1857
22 1 1857
25 1 1858
25 0 1858
23 1 1859
26 1 1859
14 0 1860
17 1 1860
10 0 1861
18 0 1861
0 0 1862
14 0 1862
14 1 1863
18 0 1863
7 1 1864
22 1 1864
4 0 1865
12 1 1865
15 0 1866
18 0 1866
24 0 1867
2 1 1867
13 1 1868
4 1 1868
4 0 1869
3 0 1869
10 1 1870
13 0 1870
13 1 1871
21 1 1871
9 1 1872
21 0 1872
29 0 1873
11 1 1873
4 1 1874
15 0 1874
18 0 1875
12 1 1875
26 0 1876
12 1 1876
23 1 1877
14 0 1877
6 0 1878
11 1 1878
4 1 1879
2 0 1879
6 0 1880
10 1 1880
26 0 1881
5 1 1881
0 1 1882
29 0 1882
7 0 1883
9 1 1883
26 0 1884
23 0 1884
28 1 1885
28 1 1885
23 1 1886
5 0 1886
4 0 1887
18 1 1887
11 0 1888
2 1 1888
19 1 1889
17 0 1889
10 0 1890
23 0 1890
5 0 1891
7 0 1891
28 1 1892
16 1 1892
29 1 1893
22 1 1893
0 1 1894
16 0 1894
19 0 1895
27 1 1895
26 0 1896
22 1 1896
5 0 1897
10 1 1897
11 0 1898
3 1 1898
1 0 1899
21 1 1899
9 1 1900
17 0 1900
5 0 1901
18 1 1901
29 0 1902
19 1 1902
12 1 1903
13 0 1903
15 0 1904
21 1 1904
4 0 1905
22 0 1905
15 1 1906
4 0 1906
29 1 1907
8 1 1907
20 1 1908
13 1 1908
10 0 1909
27 0 1909
26 1 1910
20 1 1910
5 0 1911
19 0 1911
11 0 1912
12 1 1912
5 0 1913
22 0 1913
26 0 1914
16 1 1914
24 1 1915
24 0 1915
14 1 1916
29 1 1916
19 0 1917
12 1 1917
8 0 1918
14 1 1918
14 0 1919
21 1 1919
18 0 1920
0 1 1920
18 0 1921
26 1 1921
11 1 1922
14 0 1922
24 0 1923
28 1 1923
12 0 1924
24 1 1924
9 0 1925
25 1 1925
18 1 1926
15 1 1926
22 1 1927
16 0 1927
3 0 1928
2 0 1928
29 0 1929
27 1 1929
18 0 1930
19 0 1930
20 0 1931
13 1 1931
24 1 1932
28 1 1932
29 0 1933
2 1 1933
5 0 1934
23 1 1934
6 0 1935
25 1 1935
22 0 1936
23 0 1936
7 1 1937
28 1 1937
19 0 1938
4 1 1938
9 0 1939
18 1 1939
24 0 1940
4 0 1940
23 1 1941
14 1 1941
26 0 1942
3 1 1942
19 0 1943
6 0 1943
15 1 1944
11 1 1944
25 0 1945
25 1 1945
16 1 1946
16 0 1946
15 1 1947
15 0 1947
13 1 1948
0 0 1948
22 1 1949
21 0 1949
24 0 1950
7 0 1950
11 1 1951
12 0 1951
5 0 1952
14 1 1952
26 0 1953
0 1 1953
21 1 1954
24 0 1954
26 1 1955
11 1 1955
0 0 1956
0 0 1956
23 1 1957
13 0 1957
9 1 1958
10 0 1958
8 1 1959
5 1 1959
25 0 1960
0 0 1960
23 1 1961
18 1 1961
22 0 1962
15 1 1962
26 0 1963
1 1 1963
12 1 1964
3 0 1964
8 0 1965
0 0 1965
13 1 1966
9 1 1966
14 0 1967
8 1 1967
28 1 1968
12 0 1968
7 1 1969
20 0 1969
28 0 1970
11 0 1970
21 1 1971
4 1 1971
23 0 1972
13 1 1972
18 1 1973
2 1 1973
21 0 1974
27 0 1974
2 1 1975
27 0 1975
12 0 1976
29 1 1976
12 0 1977
29 1 1977
19 0 1978
16 1 1978
20 0 1979
27 1 1979
22 0 1980
1 1 1980
2 1 1981
5 0 1981
18 0 1982
21 1 1982
19 0 1983
23 0 1983
18 0 1984
27 1 1984
21 1 1985
8 1 1985
22 1 1986
25 0 1986
15 0 1987
2 1 1987
11 1 1988
29 0 1988
3 0 1989
10 0 1989
10 1 1990
19 0 1990
23 1 1991
17 1 1991
12 0 1992
18 1 1992
29 0 1993
18 1 1993
21 0 1994
11 1 1994
0 0 1995
25 0 1995
20 1 1996
8 1 1996
20 1 1997
1 0 1997
8 0 1998
11 0 1998
11 1 1999
12 1 1999
22 0 2000
23 1 2000
22 0 2001
6 1 2001
9 0 2002
7 1 2002
1 0 2003
4 1 2003
8 0 2004
12 1 2004
27 1 2005
15 0 2005
16 0 2006
22 1 2006
7 1 2007
11 0 2007
0 1 2008
13 0 2008
19 1 2009
3 0 2009
21 0 2010
8 0 2010
27 1 2011
3 1 2011
4 1 2012
26 1 2012
21 0 2013
0 0 2013
22 0 2014
15 0 2014
7 0 2015
3 1 2015
17 1 2016
6 1 2016
20 0 2017
20 0 2017
2 1 2018
0 1 2018
2 1 2019
14 0 2019
21 0 2020
27 0 2020
12 1 2021
7 1 2021
9 0 2022
5 1 2022
18 1 2023
26 1 2023
9 0 2024
28 1 2024
22 1 2025
15 0 2025
20 1 2026
14 0 2026
8 1 2027
23 0 2027
0 0 2028
20 1 2028
22 0 2029
14 0 2029
28 0 2030
22 1 2030
3 0 2031
11 0 2031
11 0 2032
18 0 2032
20 1 2033
8 1 2033
21 1 2034
5 1 2034
12 0 2035
0 1 2035
21 1 2036
20 0 2036
14 0 2037
27 1 2037
9 1 2038
21 0 2038
17 0 2039
7 0 2039
21 1 2040
26 1 2040
23 0 2041
10 0 2041
2 1 2042
28 1 2042
23 0 2043
3 1 2043
10 0 2044
25 1 2044
13 0 2045
3 1 2045
23 1 2046
17 0 2046
26 0 2047
13 1 2047
0 1 2048
14 0 2048
20 0 2049
11 1 2049
26 0 2050
22 0 2050
9 0 2051
20 1 2051
23 1 2052
26 0 2052
29 1 2053
6 1 2053
16 1 2054
12 0 2054
4 1 2055
19 0 2055
0 0 2056
28 0 2056
13 0 2057
22 1 2057
5 1 2058
8 1 2058
25 0 2059
6 0 2059
16 1 2060
4 0 2060
18 1 2061
9 1 2061
20 0 2062
20 1 2062
0 1 2063
27 0 2063
4 0 2064
8 0 2064
1 1 2065
0 1 2065
14 0 2066
23 1 2066
6 1 2067
20 0 2067
4 0 2068
1 0 2068
11 1 2069
22 1 2069
29 0 2070
21 1 2070
1 1 2071
18 0 2071
18 0 2072
3 0 2072
14 1 2073
8 0 2073
9 1 2074
12 0 2074
19 1 2075
4 0 2075
21 0 2076
19 1 2076
24 1 2077
9 1 2077
2 0 2078
19 0 2078
6 1 2079
6 0 2079
12 1 2080
27 0 2080
1 1 2081
12 1 2081
11 0 2082
25 1 2082
8 0 2083
18 0 2083
16 0 2084
18 0 2084
0 1 2085
12 1 2085
16 1 2086
6 0 2086
0 1 2087
14 0 2087
17 1 2088
17 0 2088
17 1 2089
9 1 2089
9 0 2090
21 0 2090
1 1 2091
15 1 2091
3 1 2092
15 0 2092
21 0 2093
27 0 2093
6 0 2094
3 1 2094
13 1 2095
13 1 2095
24 1 2096
27 0 2096
24 0 2097
25 1 2097
24 0 2098
13 1 2098
21 1 2099
17 0 2099
22 0 2100
7 1 2100
20 1 2101
22 0 2101
23 1 2102
5 0 2102
7 0 2103
12 1 2103
20 0 2104
3 1 2104
28 0 2105
14 1 2105
29 1 2106
9 0 2106
25 1 2107
0 0 2107
15 1 2108
3 0 2108
2 0 2109
13 1 2109
2 0 2110
15 0 2110
8 1 2111
19 0 2111
8 1 2112
5 1 2112
25 0 2113
12 0 2113
10 1 2114
16 1 2114
28 1 2115
3 0 2115
20 0 2116
26 1 2116
12 1 2117
29 0 2117
25 0 2118
4 1 2118
19 1 2119
21 1 2119
15 1 2120
6 1 2120
20 1 2121
11 0 2121
7 0 2122
15 0 2122
0 0 2123
27 1 2123
21 0 2124
22 1 2124
1 0 2125
4 0 2125
20 0 2126
11 0 2126
20 1 2127
14 0 2127
19 1 2128
3 1 2128
25 1 2129
23 0 2129
27 0 2130
7 1 2130
11 0 2131
26 1 2131
19 1 2132
22 0 2132
2 0 2133
1 1 2133
7 0 2134
2 0 2134
19 0 2135
13 1 2135
27 1 2136
11 0 2136
20 1 2137
15 1 2137
1 0 2138
21 1 2138
3 0 2139
1 0 2139
29 1 2140
2 0 2140
24 1 2141
10 0 2141
6 1 2142
12 0 2142
13 0 2143
9 1 2143
20 1 2144
19 0 2144
9 0 2145
16 1 2145
10 1 2146
22 0 2146
5 1 2147
14 1 2147
15 0 2148
16 0 2148
27 1 2149
5 1 2149
20 0 2150
25 1 2150
1 0 2151
24 0 2151
19 1 2152
15 1 2152
3 1 2153
11 0 2153
22 0 2154
2 1 2154
29 1 2155
26 0 2155
7 0 2156
6 0 2156
8 1 2157
0 0 2157
7 1 2158
10 1 2158
10 0 2159
1 1 2159
6 0 2160
26 0 2160
16 1 2161
0 1 2161
27 0 2162
9 1 2162
28 0 2163
24 1 2163
15 1 2164
26 1 2164
6 0 2165
8 0 2165
3 1 2166
1 0 2166
23 1 2167
19 0 2167
14 0 2168
8 0 2168
1 1 2169
26 0 2169
22 1 2170
15 1 2170
12 0 2171
11 1 2171
27 0 2172
12 1 2172
1 1 2173
9 0 2173
18 1 2174
8 1 2174
19 0 2175
2 1 2175
12 0 2176
20 0 2176
22 0 2177
11 0 2177
25 1 2178
16 0 2178
15 1 2179
15 0 2179
20 0 2180
11 1 2180
17 1 2181
20 1 2181
4 1 2182
24 0 2182
15 0 2183
3 0 2183
0 1 2184
6 1 2184
2 0 2185
20 1 2185
13 1 2186
27 0 2186
20 0 2187
9 1 2187
16 0 2188
16 0 2188
17 1 2189
12 0 2189
0 1 2190
10 1 2190
0 0 2191
22 1 2191
3 0 2192
4 0 2192
13 1 2193
21 1 2193
9 0 2194
12 1 2194
18 0 2195
22 1 2195
1 1 2196
7 1 2196
27 0 2197
17 0 2197
23 0 2198
12 0 2198
13 1 2199
10 0 2199
27 1 2200
15 1 2200
28 0 2201
13 1 2201
13 0 2202
7 0 2202
11 1 2203
11 1 2203
15 1 2204
25 0 2204
28 0 2205
13 1 2205
6 0 2206
9 0 2206
7 0 2207
2 1 2207
5 1 2208
21 1 2208
23 0 2209
1 1 2209
12 0 2210
13 1 2210
19 1 2211
21 0 2211
23 0 2212
23 0 2212
0 1 2213
5 0 2213
25 0 2214
10 1 2214
23 1 2215
16 1 2215
7 1 2216
9 0 2216
8 1 2217
15 0 2217
3 1 2218
27 0 2218
25 0 2219
7 0 2219
20 1 2220
28 1 2220
16 0 2221
3 1 2221
28 0 2222
0 1 2222
2 0 2223
16 1 2223
12 0 2224
20 1 2224
0 0 2225
16 1 2225
2 0 2226
20 1 2226
7 1 2227
16 1 2227
15 0 2228
0 0 2228
7 0 2229
11 1 2229
15 0 2230
22 1 2230
14 1 2231
28 0 2231
1 0 2232
23 0 2232
21 1 2233
18 1 2233
11 0 2234
10 1 2234
15 1 2235
8 0 2235
22 0 2236
23 0 2236
4 1 2237
0 0 2237
17 1 2238
21 0 2238
25 0 2239
12 1 2239
29 1 2240
0 1 2240
8 0 2241
4 1 2241
17 1 2242
22 0 2242
14 0 2243
27 1 2243
1 1 2244
5 0 2244
14 1 2245
19 0 2245
18 0 2246
1 1 2246
6 1 2247
8 0 2247
2 0 2248
17 0 2248
21 1 2249
2 1 2249
28 0 2250
0 1 2250
17 0 2251
0 0 2251
12 1 2252
25 1 2252
15 0 2253
22 0 2253
2 1 2254
8 1 2254
29 0 2255
2 1 2255
15 1 2256
14 0 2256
4 1 2257
15 0 2257
22 1 2258
29 0 2258
17 0 2259
0 0 2259
19 1 2260
0 1 2260
0 1 2261
26 1 2261
2 1 2262
5 0 2262
16 0 2263
1 1 2263
21 0 2264
0 0 2264
25 1 2265
10 0 2265
15 1 2266
26 1 2266
27 0 2267
19 0 2267
2 0 2268
19 1 2268
19 0 2269
2 1 2269
23 1 2270
27 0 2270
0 1 2271
11 0 2271
16 0 2272
22 1 2272
17 1 2273
20 0 2273
13 0 2274
22 1 2274
17 0 2275
10 1 2275
27 0 2276
12 1 2276
29 0 2277
26 0 2277
11 0 2278
20 1 2278
16 1 2279
4 0 2279
20 1 2280
5 1 2280
15 0 2281
22 1 2281
27 0 2282
11 1 2282
21 0 2283
25 1 2283
23 0 2284
20 1 2284
20 0 2285
4 0 2285
15 0 2286
25 0 2286
24 1 2287
10 1 2287
0 1 2288
3 1 2288
26 0 2289
21 1 2289
13 0 2290
6 0 2290
8 0 2291
16 1 2291
17 1 2292
8 1 2292
5 0 2293
14 1 2293
4 0 2294
0 0 2294
8 0 2295
3 1 2295
2 1 2296
5 0 2296
18 1 2297
0 1 2297
20 0 2298
19 1 2298
17 0 2299
1 1 2299
27 0 2300
14 1 2300
12 1 2301
5 1 2301
12 0 2302
11 0 2302
5 0 2303
28 0 2303
18 1 2304
10 1 2304
2 0 2305
6 1 2305
9 1 2306
5 0 2306
17 1 2307
13 0 2307
16 0 2308
10 1 2308
1 1 2309
12 1 2309
24 0 2310
14 0 2310
1 0 2311
0 1 2311
13 0 2312
28 1 2312
11 0 2313
23 1 2313
13 0 2314
18 1 2314
24 1 2315
28 0 2315
12 0 2316
15 1 2316
3 0 2317
20 0 2317
5 1 2318
20 1 2318
24 0 2319
13 1 2319
29 1 2320
28 0 2320
21 1 2321
11 0 2321
27 1 2322
29 0 2322
19 0 2323
1 0 2323
4 1 2324
13 0 2324
22 1 2325
10 1 2325
18 1 2326
27 0 2326
1 0 2327
22 0 2327
16 0 2328
16 1 2328
0 1 2329
11 1 2329
10 1 2330
23 0 2330
15 1 2331
14 0 2331
21 0 2332
13 1 2332
11 0 2333
12 0 2333
12 1 2334
17 1 2334
27 0 2335
16 1 2335
6 1 2336
27 0 2336
20 0 2337
3 0 2337
10 0 2338
8 1 2338
3 1 2339
20 1 2339
16 0 2340
25 1 2340
0 1 2341
0 0 2341
6 0 2342
0 0 2342
24 1 2343
4 0 2343
3 1 2344
21 0 2344
2 1 2345
8 1 2345
15 0 2346
7 1 2346
10 1 2347
3 0 2347
0 0 2348
0 1 2348
8 1 2349
20 0 2349
12 0 2350
25 0 2350
3 1 2351
29 1 2351
21 1 2352
28 1 2352
12 0 2353
6 0 2353
12 0 2354
26 1 2354
1 1 2355
18 0 2355
28 0 2356
1 0 2356
14 1 2357
10 0 2357
1 1 2358
0 1 2358
17 0 2359
12 1 2359
11 0 2360
17 1 2360
11 0 2361
5 0 2361
16 1 2362
11 0 2362
12 1 2363
29 1 2363
7 0 2364
24 0 2364
13 1 2365
10 1 2365
9 1 2366
22 0 2366
21 0 2367
1 1 2367
6 1 2368
9 0 2368
6 0 2369
9 0 2369
7 1 2370
8 1 2370
7 0 2371
17 1 2371
28 1 2372
0 0 2372
18 0 2373
27 1 2373
13 0 2374
16 1 2374
13 0 2375
17 1 2375
22 0 2376
0 0 2376
25 1 2377
0 0 2377
15 1 2378
14 0 2378
17 1 2379
2 1 2379
22 0 2380
8 1 2380
2 0 2381
4 1 2381
18 0 2382
13 0 2382
12 0 2383
29 1 2383
5 1 2384
17 1 2384
26 1 2385
4 0 2385
25 1 2386
20 0 2386
24 1 2387
16 0 2387
29 1 2388
3 0 2388
2 0 2389
0 1 2389
3 1 2390
18 0 2390
26 1 2391
2 1 2391
15 0 2392
27 0 2392
11 0 2393
23 1 2393
7 1 2394
17 0 2394
10 1 2395
26 0 2395
21 0 2396
11 1 2396
13 0 2397
2 0 2397
23 1 2398
12 1 2398
22 1 2399
11 1 2399
7 0 2400
16 0 2400
2 1 2401
22 0 2401
11 1 2402
3 0 2402
1 0 2403
12 1 2403
12 0 2404
27 1 2404
5 0 2405
6 1 2405
11 0 2406
9 1 2406
15 1 2407
9 0 2407
17 0 2408
28 0 2408
28 1 2409
8 1 2409
21 0 2410
9 1 2410
7 1 2411
8 0 2411
5 0 2412
16 0 2412
7 1 2413
2 1 2413
12 1 2414
13 0 2414
23 1 2415
6 0 2415
9 1 2416
16 0 2416
8 0 2417
9 0 2417
11 1 2418
28 1 2418
25 0 2419
9 1 2419
26 0 2420
16 1 2420
29 0 2421
13 1 2421
16 0 2422
20 1 2422
22 1 2423
8 0 2423
25 1 2424
23 0 2424
12 0 2425
1 0 2425
9 1 2426
18 1 2426
21 0 2427
22 0 2427
6 1 2428
7 0 2428
8 0 2429
7 1 2429
0 1 2430
6 1 2430
26 0 2431
14 1 2431
11 1 2432
9 0 2432
12 1 2433
15 0 2433
9 0 2434
18 0 2434
28 1 2435
14 1 2435
10 0 2436
20 1 2436
20 0 2437
10 0 2437
7 1 2438
6 0 2438
13 1 2439
7 1 2439
14 0 2440
8 0 2440
7 1 2441
27 1 2441
12 0 2442
17 1 2442
1 1 2443
0 0 2443
12 1 2444
13 0 2444
4 1 2445
11 0 2445
2 0 2446
22 1 2446
6 1 2447
25 0 2447
25 1 2448
7 0 2448
2 0 2449
14 1 2449
25 0 2450
22 1 2450
6 1 2451
1 0 2451
2 0 2452
10 0 2452
20 1 2453
20 0 2453
19 1 2454
13 0 2454
11 1 2455
17 1 2455
17 1 2456
7 0 2456
24 0 2457
14 0 2457
24 1 2458
1 1 2458
16 0 2459
18 1 2459
14 1 2460
9 0 2460
22 0 2461
13 0 2461
9 1 2462
1 1 2462
18 0 2463
19 0 2463
13 1 2464
6 1 2464
2 0 2465
18 1 2465
29 0 2466
12 0 2466
1 1 2467
17 1 2467
18 0 2468
26 1 2468
14 0 2469
16 1 2469
16 0 2470
29 1 2470
28 0 2471
12 1 2471
16 1 2472
1 0 2472
8 0 2473
12 1 2473
20 0 2474
18 1 2474
11 0 2475
4 0 2475
7 0 2476
7 1 2476
3 1 2477
11 0 2477
25 0 2478
12 1 2478
25 1 2479
0 0 2479
18 0 2480
13 1 2480
16 1 2481
26 1 2481
6 0 2482
10 0 2482
23 0 2483
20 1 2483
9 0 2484
3 1 2484
8 1 2485
1 1 2485
25 1 2486
3 0 2486
2 0 2487
20 0 2487
1 0 2488
2 1 2488
17 1 2489
13 1 2489
20 1 2490
23 0 2490
0 1 2491
6 1 2491
26 1 2492
24 1 2492
1 0 2493
17 0 2493
13 0 2494
29 1 2494
15 1 2495
15 0 2495
12 0 2496
12 0 2496
29 0 2497
24 1 2497
6 1 2498
0 0 2498
22 1 2499
6 0 2499
24 0 2500
20 0 2500
