26 1 1
6 0 2
5 0 3
27 1 4
16 0 5
22 1 6
16 1 7
18 0 8
29 1 9
17 1 10
0 0 11
16 0 12
28 1 13
24 0 14
3 0 15
14 1 16
21 1 17
7 1 18
8 1 19
0 0 20
3 0 21
12 0 22
20 0 23
20 1 24
27 1 25
24 0 26
12 0 27
15 1 28
13 0 29
20 1 30
28 0 31
28 1 32
24 1 33
22 0 34
27 1 35
23 0 36
9 1 37
22 1 38
13 0 39
19 0 40
1 1 41
2 0 42
2 1 43
22 0 44
26 0 45
27 1 46
26 0 47
13 1 48
29 0 49
9 1 50
14 0 51
12 1 52
28 0 53
18 1 54
23 0 55
12 1 56
18 1 57
1 0 58
22 0 59
11 1 60
13 1 61
7 1 62
15 1 63
19 1 64
24 0 65
3 0 66
2 0 67
11 1 68
13 1 69
12 0 70
20 0 71
7 0 72
5 0 73
12 1 74
14 0 75
2 1 76
10 0 77
15 0 78
29 1 79
2 0 80
13 1 81
25 1 82
26 1 83
17 0 84
5 0 85
26 1 86
8 1 87
7 0 88
10 0 89
22 1 90
16 1 91
10 1 92
0 0 93
7 0 94
21 1 95
18 0 96
28 1 97
6 1 98
8 0 99
1 0 100
25 0 101
18 1 102
9 0 103
24 1 104
18 1 105
19 0 106
28 0 107
21 0 108
13 0 109
1 1 110
27 1 111
9 1 112
16 1 113
28 1 114
9 0 115
8 0 116
21 0 117
23 1 118
10 0 119
25 1 120
1 1 121
11 1 122
26 0 123
8 0 124
4 0 125
16 1 126
0 0 127
2 1 128
14 0 129
25 1 130
19 0 131
28 0 132
20 1 133
23 1 134
22 0 135
15 0 136
24 0 137
17 1 138
13 1 139
0 1 140
24 1 141
19 0 142
3 0 143
12 1 144
8 0 145
15 1 146
7 1 147
20 0 148
16 0 149
13 1 150
4 1 151
26 0 152
4 1 153
17 0 154
24 0 155
10 1 156
10 1 157
0 1 158
29 0 159
6 1 160
6 0 161
14 1 162
5 1 163
14 0 164
29 0 165
12 0 166
7 0 167
4 1 168
9 0 169
8 0 170
3 1 171
1 0 172
0 1 173
6 1 174
12 0 175
5 1 176
0 0 177
13 1 178
2 0 179
8 0 180
27 1 181
2 1 182
8 1 183
10 0 184
10 1 185
3 1 186
26 0 187
2 1 188
0 0 189
8 0 190
21 0 191
10 1 192
6 0 193
27 1 194
4 1 195
9 0 196
27 1 197
6 0 198
19 1 199
9 0 200
16 0 201
21 0 202
16 1 203
27 1 204
3 1 205
3 0 206
5 0 207
28 1 208
6 1 209
27 0 210
4 0 211
17 0 212
21 1 213
13 1 214
10 1 215
15 0 216
17 0 217
0 0 218
12 0 219
23 1 220
14 1 221
17 1 222
25 0 223
9 0 224
11 1 225
19 1 226
12 0 227
25 1 228
29 1 229
2 0 230
17 0 231
28 0 232
28 1 233
5 1 234
23 0 235
14 1 236
10 1 237
15 1 238
28 0 239
2 1 240
15 0 241
21 0 242
22 1 243
22 0 244
23 1 245
7 0 246
24 1 247
23 0 248
26 0 249
20 1 250
16 0 251
16 1 252
9 1 253
16 0 254
14 1 255
2 0 256
9 1 257
24 1 258
26 0 259
18 0 260
21 1 261
26 0 262
29 0 263
17 1 264
11 0 265
4 1 266
6 1 267
2 0 268
7 1 269
10 0 270
12 1 271
29 0 272
1 1 273
18 0 274
5 0 275
23 1 276
21 1 277
19 0 278
10 1 279
27 0 280
19 0 281
4 1 282
20 0 283
23 0 284
7 1 285
17 1 286
16 0 287
2 1 288
5 1 289
10 0 290
28 1 291
28 0 292
18 1 293
1 0 294
20 1 295
2 0 296
25 1 297
11 1 298
13 0 299
8 1 300
3 0 301
23 0 302
23 1 303
25 0 304
3 0 305
11 1 306
0 0 307
5 1 308
25 0 309
14 0 310
12 1 311
19 1 312
9 1 313
15 1 314
1 0 315
10 0 316
5 0 317
25 1 318
0 0 319
23 1 320
8 1 321
7 0 322
27 0 323
18 1 324
11 0 325
29 0 326
27 1 327
19 0 328
18 0 329
0 1 330
28 1 331
10 0 332
20 0 333
27 1 334
4 1 335
19 1 336
12 1 337
7 1 338
17 0 339
19 0 340
4 1 341
24 0 342
8 1 343
2 0 344
16 1 345
12 0 346
14 0 347
28 1 348
25 0 349
16 0 350
24 1 351
28 1 352
18 1 353
12 0 354
6 1 355
28 1 356
9 1 357
20 1 358
18 0 359
2 0 360
0 0 361
27 0 362
23 0 363
27 0 364
27 1 365
29 0 366
28 1 367
5 1 368
27 0 369
12 1 370
22 1 371
4 0 372
9 0 373
11 1 374
13 1 375
8 0 376
23 1 377
20 0 378
3 1 379
15 0 380
21 1 381
7 1 382
1 0 383
21 1 384
15 1 385
10 0 386
13 1 387
1 0 388
24 0 389
7 0 390
23 0 391
15 1 392
28 1 393
11 0 394
27 1 395
24 1 396
14 0 397
14 1 398
27 0 399
29 0 400
2 0 401
7 0 402
4 1 403
29 1 404
24 1 405
2 0 406
11 1 407
25 0 408
8 1 409
27 0 410
14 0 411
12 1 412
2 0 413
1 1 414
23 0 415
9 1 416
23 1 417
6 0 418
16 1 419
10 0 420
17 0 421
15 0 422
5 1 423
0 1 424
14 1 425
9 0 426
15 0 427
29 1 428
25 1 429
25 1 430
25 0 431
9 0 432
9 0 433
7 1 434
15 0 435
7 1 436
12 1 437
0 0 438
13 0 439
12 0 440
21 1 441
20 1 442
17 0 443
7 1 444
18 1 445
4 0 446
3 1 447
23 0 448
6 0 449
19 1 450
10 1 451
21 0 452
7 1 453
8 1 454
5 0 455
5 0 456
21 1 457
7 0 458
9 1 459
8 0 460
26 1 461
9 0 462
19 0 463
4 1 464
6 1 465
13 0 466
20 1 467
14 0 468
13 1 469
10 0 470
19 1 471
3 0 472
21 0 473
18 1 474
18 0 475
5 0 476
1 1 477
5 1 478
29 1 479
24 0 480
14 1 481
7 0 482
2 0 483
0 1 484
0 0 485
23 1 486
25 0 487
9 1 488
1 1 489
24 0 490
4 0 491
14 1 492
12 0 493
24 0 494
4 1 495
20 1 496
19 0 497
18 0 498
24 1 499
18 1 500
16 0 501
16 1 502
24 1 503
3 0 504
3 1 505
2 0 506
11 1 507
26 0 508
8 1 509
5 0 510
24 1 511
12 0 512
15 1 513
29 0 514
18 0 515
20 1 516
13 0 517
3 0 518
4 1 519
26 1 520
22 0 521
15 1 522
17 1 523
7 0 524
14 1 525
0 1 526
10 0 527
8 0 528
6 0 529
27 0 530
5 1 531
18 1 532
27 0 533
16 0 534
17 1 535
11 1 536
2 0 537
1 0 538
16 1 539
8 1 540
23 0 541
26 1 542
8 1 543
5 0 544
7 0 545
6 1 546
0 1 547
26 0 548
4 1 549
21 0 550
29 0 551
0 1 552
24 0 553
4 1 554
12 1 555
21 0 556
4 0 557
6 1 558
4 0 559
6 1 560
20 1 561
18 0 562
0 1 563
23 0 564
23 1 565
18 0 566
17 0 567
10 1 568
17 1 569
14 0 570
13 1 571
23 1 572
13 0 573
5 1 574
7 0 575
26 0 576
13 0 577
27 1 578
20 1 579
8 0 580
24 0 581
28 1 582
21 1 583
0 0 584
6 1 585
1 1 586
15 0 587
21 1 588
6 0 589
10 0 590
2 1 591
1 0 592
4 1 593
18 1 594
29 0 595
20 0 596
28 0 597
14 1 598
22 1 599
27 0 600
20 0 601
10 1 602
26 1 603
20 0 604
5 0 605
19 1 606
20 1 607
9 0 608
14 0 609
25 1 610
24 0 611
21 1 612
9 1 613
28 0 614
8 0 615
20 1 616
15 0 617
8 1 618
26 0 619
0 0 620
29 1 621
0 1 622
1 0 623
29 1 624
22 1 625
26 1 626
22 0 627
5 0 628
4 0 629
3 1 630
4 0 631
14 1 632
27 1 633
25 0 634
7 1 635
12 0 636
19 0 637
7 1 638
7 1 639
22 0 640
23 0 641
17 0 642
2 1 643
24 1 644
2 1 645
15 1 646
9 0 647
7 0 648
16 0 649
7 1 650
22 1 651
9 1 652
12 0 653
10 0 654
5 1 655
29 0 656
11 0 657
8 1 658
21 1 659
13 0 660
7 1 661
27 0 662
20 1 663
24 0 664
28 1 665
25 1 666
24 1 667
25 0 668
23 0 669
10 1 670
29 1 671
5 0 672
0 0 673
29 0 674
28 1 675
9 1 676
2 0 677
13 0 678
7 1 679
14 1 680
21 1 681
12 1 682
14 0 683
9 0 684
22 0 685
5 0 686
23 0 687
27 1 688
23 1 689
23 1 690
10 0 691
0 0 692
9 1 693
7 0 694
20 1 695
5 0 696
4 0 697
11 1 698
8 1 699
17 0 700
6 0 701
1 1 702
24 0 703
16 1 704
12 1 705
0 0 706
7 0 707
3 1 708
6 0 709
18 0 710
12 1 711
11 1 712
18 0 713
2 0 714
8 1 715
9 1 716
28 1 717
11 1 718
16 0 719
20 0 720
29 0 721
29 1 722
26 0 723
4 0 724
20 0 725
13 1 726
13 0 727
10 1 728
16 1 729
28 1 730
15 1 731
21 0 732
27 0 733
25 1 734
17 0 735
27 0 736
7 1 737
16 1 738
11 1 739
21 0 740
15 0 741
6 1 742
7 1 743
5 0 744
13 0 745
16 1 746
16 0 747
10 0 748
29 1 749
23 1 750
8 0 751
18 0 752
10 1 753
8 0 754
13 0 755
24 1 756
9 1 757
25 1 758
9 0 759
26 1 760
8 1 761
3 0 762
26 0 763
19 1 764
22 1 765
19 0 766
3 1 767
13 0 768
24 1 769
3 0 770
6 0 771
16 1 772
8 1 773
27 1 774
3 0 775
9 1 776
21 0 777
3 0 778
16 0 779
7 0 780
23 1 781
1 1 782
15 0 783
0 1 784
4 1 785
1 0 786
18 0 787
10 0 788
20 1 789
17 1 790
25 0 791
2 1 792
22 1 793
25 0 794
24 0 795
20 1 796
8 0 797
26 1 798
14 0 799
24 1 800
6 0 801
26 0 802
24 1 803
24 1 804
22 0 805
13 1 806
14 0 807
15 1 808
19 1 809
27 0 810
19 0 811
4 1 812
29 1 813
29 0 814
20 0 815
27 1 816
14 1 817
27 1 818
20 0 819
3 0 820
14 1 821
22 0 822
26 1 823
17 0 824
2 0 825
17 1 826
11 0 827
27 0 828
6 1 829
26 1 830
20 1 831
26 0 832
21 1 833
28 0 834
4 1 835
7 0 836
4 0 837
26 0 838
28 1 839
20 1 840
29 0 841
27 0 842
11 1 843
27 1 844
16 0 845
6 1 846
14 0 847
6 0 848
14 1 849
26 1 850
9 1 851
0 0 852
13 1 853
1 0 854
1 0 855
7 0 856
4 1 857
14 1 858
15 1 859
6 1 860
4 0 861
10 1 862
6 0 863
29 0 864
19 1 865
2 0 866
4 1 867
20 0 868
11 0 869
19 1 870
1 1 871
27 0 872
15 0 873
11 1 874
6 1 875
23 0 876
1 0 877
29 1 878
8 1 879
8 0 880
21 0 881
10 1 882
15 0 883
14 0 884
8 1 885
8 1 886
10 1 887
14 0 888
17 0 889
19 0 890
9 1 891
24 1 892
28 0 893
15 0 894
22 1 895
21 0 896
22 1 897
1 1 898
8 0 899
3 1 900
19 0 901
5 1 902
11 1 903
23 1 904
21 0 905
28 1 906
5 0 907
3 0 908
9 0 909
11 1 910
13 0 911
18 1 912
10 0 913
19 1 914
1 0 915
9 1 916
10 0 917
19 1 918
7 1 919
14 0 920
28 1 921
4 0 922
27 0 923
25 1 924
29 0 925
2 1 926
16 0 927
22 1 928
12 1 929
26 1 930
25 0 931
15 0 932
5 1 933
7 0 934
1 1 935
9 0 936
13 1 937
28 0 938
1 1 939
10 0 940
17 1 941
24 1 942
3 0 943
22 0 944
26 1 945
6 0 946
3 1 947
19 0 948
13 1 949
1 0 950
7 1 951
3 0 952
19 1 953
21 0 954
27 0 955
15 1 956
14 0 957
16 1 958
11 1 959
15 0 960
2 1 961
2 0 962
17 0 963
15 0 964
16 1 965
4 1 966
18 1 967
18 0 968
2 0 969
19 0 970
10 1 971
10 0 972
15 1 973
2 1 974
5 0 975
4 1 976
7 0 977
7 1 978
11 0 979
3 1 980
6 0 981
7 1 982
27 1 983
18 0 984
10 1 985
15 0 986
20 0 987
2 1 988
1 0 989
22 1 990
13 0 991
19 0 992
16 1 993
3 1 994
23 0 995
17 1 996
2 0 997
1 1 998
10 0 999
8 1 1000
25 1 1001
13 0 1002
18 0 1003
16 1 1004
11 0 1005
19 1 1006
23 1 1007
13 1 1008
28 0 1009
13 0 1010
20 0 1011
1 0 1012
2 1 1013
2 1 1014
24 0 1015
19 1 1016
7 0 1017
12 1 1018
17 1 1019
22 0 1020
6 1 1021
7 0 1022
8 0 1023
29 1 1024
15 0 1025
27 1 1026
3 1 1027
23 0 1028
7 1 1029
21 0 1030
29 0 1031
0 1 1032
25 1 1033
12 0 1034
4 1 1035
9 0 1036
0 1 1037
28 0 1038
9 1 1039
4 1 1040
17 0 1041
0 0 1042
13 0 1043
3 1 1044
21 0 1045
9 0 1046
23 1 1047
9 1 1048
25 0 1049
16 1 1050
23 1 1051
15 1 1052
20 0 1053
18 0 1054
16 0 1055
23 1 1056
12 1 1057
7 0 1058
6 0 1059
16 1 1060
6 1 1061
16 0 1062
7 0 1063
0 0 1064
8 1 1065
16 1 1066
26 0 1067
27 1 1068
21 1 1069
17 0 1070
0 1 1071
15 0 1072
27 0 1073
5 1 1074
6 1 1075
20 0 1076
12 1 1077
0 1 1078
25 0 1079
9 0 1080
4 0 1081
9 1 1082
3 1 1083
21 0 1084
19 0 1085
6 0 1086
7 0 1087
24 1 1088
15 1 1089
20 1 1090
5 0 1091
17 1 1092
16 0 1093
0 1 1094
29 1 1095
27 0 1096
6 0 1097
3 0 1098
15 1 1099
8 1 1100
24 0 1101
24 1 1102
18 0 1103
11 1 1104
17 1 1105
29 0 1106
22 0 1107
8 1 1108
15 1 1109
16 0 1110
3 0 1111
3 0 1112
17 1 1113
19 1 1114
28 0 1115
25 1 1116
15 0 1117
17 0 1118
13 1 1119
13 1 1120
21 0 1121
1 1 1122
29 1 1123
24 1 1124
16 0 1125
12 0 1126
4 0 1127
9 0 1128
26 1 1129
4 1 1130
4 0 1131
27 1 1132
13 1 1133
2 0 1134
9 0 1135
29 1 1136
11 1 1137
13 0 1138
11 1 1139
20 0 1140
3 1 1141
27 0 1142
6 0 1143
5 1 1144
9 1 1145
27 0 1146
3 0 1147
13 1 1148
6 0 1149
1 1 1150
19 0 1151
5 0 1152
14 1 1153
22 0 1154
18 1 1155
5 1 1156
3 0 1157
8 0 1158
15 1 1159
24 1 1160
2 1 1161
17 0 1162
7 1 1163
20 0 1164
0 1 1165
5 0 1166
18 0 1167
0 1 1168
13 0 1169
20 1 1170
16 0 1171
19 1 1172
23 0 1173
24 0 1174
13 1 1175
12 1 1176
17 0 1177
27 1 1178
14 1 1179
11 0 1180
27 1 1181
6 0 1182
1 1 1183
1 1 1184
12 0 1185
28 1 1186
12 0 1187
20 0 1188
16 0 1189
29 0 1190
1 1 1191
5 1 1192
13 1 1193
1 1 1194
18 0 1195
20 0 1196
23 0 1197
1 1 1198
14 0 1199
21 1 1200
19 0 1201
4 1 1202
4 0 1203
4 1 1204
4 0 1205
20 1 1206
23 1 1207
28 1 1208
19 0 1209
21 1 1210
25 0 1211
15 0 1212
11 1 1213
28 0 1214
12 1 1215
8 0 1216
29 0 1217
12 0 1218
24 1 1219
28 1 1220
4 1 1221
1 0 1222
13 0 1223
12 1 1224
20 0 1225
0 1 1226
3 0 1227
24 0 1228
18 0 1229
25 1 1230
2 1 1231
3 1 1232
9 0 1233
10 1 1234
28 0 1235
2 1 1236
3 1 1237
13 0 1238
14 0 1239
25 1 1240
15 0 1241
4 1 1242
9 0 1243
8 1 1244
1 1 1245
6 1 1246
21 0 1247
1 0 1248
9 1 1249
12 0 1250
19 1 1251
7 0 1252
1 1 1253
24 1 1254
5 0 1255
23 0 1256
10 0 1257
16 1 1258
11 0 1259
13 1 1260
12 0 1261
1 1 1262
0 1 1263
15 1 1264
6 0 1265
15 1 1266
20 0 1267
3 0 1268
3 1 1269
21 0 1270
29 1 1271
13 0 1272
29 0 1273
3 0 1274
22 1 1275
15 1 1276
18 1 1277
18 0 1278
19 1 1279
8 1 1280
6 0 1281
11 0 1282
25 0 1283
28 0 1284
2 1 1285
4 0 1286
12 1 1287
13 1 1288
4 0 1289
17 1 1290
0 1 1291
26 0 1292
3 1 1293
4 0 1294
11 0 1295
20 1 1296
25 1 1297
22 1 1298
8 0 1299
1 0 1300
26 1 1301
16 0 1302
10 1 1303
8 0 1304
9 1 1305
19 1 1306
9 0 1307
25 0 1308
10 0 1309
28 1 1310
23 0 1311
4 0 1312
12 1 1313
19 0 1314
16 1 1315
28 1 1316
0 0 1317
9 1 1318
4 1 1319
25 1 1320
12 0 1321
17 0 1322
25 1 1323
11 1 1324
25 0 1325
8 0 1326
26 0 1327
20 0 1328
19 1 1329
6 1 1330
3 1 1331
9 1 1332
11 0 1333
15 0 1334
1 1 1335
4 0 1336
11 0 1337
16 1 1338
26 0 1339
12 1 1340
12 1 1341
8 0 1342
8 1 1343
0 0 1344
21 1 1345
24 0 1346
21 1 1347
12 1 1348
3 0 1349
2 0 1350
1 0 1351
21 1 1352
17 1 1353
3 1 1354
15 0 1355
6 0 1356
9 0 1357
26 1 1358
2 0 1359
28 0 1360
27 1 1361
10 1 1362
6 1 1363
22 0 1364
8 1 1365
11 0 1366
17 0 1367
10 1 1368
13 0 1369
13 1 1370
16 0 1371
4 1 1372
12 0 1373
4 0 1374
16 1 1375
2 1 1376
1 0 1377
29 1 1378
11 1 1379
19 0 1380
24 1 1381
8 1 1382
16 0 1383
28 0 1384
9 1 1385
28 0 1386
23 0 1387
28 1 1388
20 1 1389
3 0 1390
3 1 1391
22 0 1392
23 1 1393
13 0 1394
29 0 1395
1 1 1396
11 1 1397
15 0 1398
20 0 1399
21 1 1400
23 0 1401
13 1 1402
23 1 1403
11 0 1404
26 1 1405
12 0 1406
16 1 1407
24 0 1408
10 1 1409
23 1 1410
9 0 1411
20 1 1412
10 0 1413
12 0 1414
17 1 1415
24 0 1416
3 0 1417
15 1 1418
0 1 1419
4 0 1420
14 1 1421
24 1 1422
25 0 1423
4 0 1424
28 1 1425
23 0 1426
0 1 1427
16 0 1428
21 0 1429
21 0 1430
8 1 1431
5 1 1432
10 0 1433
6 1 1434
8 1 1435
8 0 1436
1 0 1437
6 1 1438
1 1 1439
2 0 1440
13 0 1441
19 0 1442
16 0 1443
12 1 1444
22 1 1445
16 1 1446
22 1 1447
15 0 1448
11 0 1449
19 1 1450
20 0 1451
0 0 1452
12 1 1453
23 1 1454
10 1 1455
5 0 1456
1 0 1457
22 1 1458
28 1 1459
12 0 1460
2 1 1461
13 0 1462
13 1 1463
4 0 1464
28 0 1465
8 1 1466
0 1 1467
24 0 1468
20 1 1469
11 1 1470
2 0 1471
20 0 1472
1 1 1473
11 0 1474
28 1 1475
17 0 1476
21 0 1477
25 1 1478
0 1 1479
13 0 1480
28 1 1481
2 0 1482
2 1 1483
22 0 1484
2 1 1485
21 0 1486
18 1 1487
16 0 1488
26 1 1489
23 1 1490
6 0 1491
2 1 1492
10 1 1493
19 0 1494
24 0 1495
6 0 1496
11 1 1497
19 0 1498
0 1 1499
13 0 1500
23 0 1501
3 1 1502
12 0 1503
18 1 1504
15 0 1505
27 1 1506
8 1 1507
15 0 1508
25 1 1509
14 0 1510
22 0 1511
6 1 1512
24 1 1513
18 0 1514
26 1 1515
23 0 1516
2 0 1517
15 1 1518
25 1 1519
9 0 1520
21 1 1521
6 0 1522
12 0 1523
10 1 1524
8 0 1525
10 1 1526
12 1 1527
5 1 1528
6 0 1529
8 0 1530
29 1 1531
24 0 1532
12 0 1533
4 1 1534
6 0 1535
21 1 1536
22 1 1537
29 0 1538
16 1 1539
24 0 1540
7 1 1541
7 1 1542
0 0 1543
26 0 1544
5 1 1545
5 0 1546
0 0 1547
12 1 1548
28 1 1549
8 0 1550
11 0 1551
26 1 1552
20 1 1553
26 0 1554
8 1 1555
21 0 1556
16 1 1557
11 0 1558
21 1 1559
10 0 1560
2 0 1561
10 1 1562
12 0 1563
27 1 1564
22 0 1565
24 1 1566
27 0 1567
0 1 1568
19 1 1569
5 0 1570
11 1 1571
28 0 1572
0 1 1573
15 0 1574
2 0 1575
2 1 1576
4 1 1577
18 0 1578
7 0 1579
16 1 1580
25 1 1581
18 1 1582
8 0 1583
10 1 1584
22 0 1585
12 0 1586
27 0 1587
25 1 1588
7 0 1589
27 1 1590
24 1 1591
0 0 1592
23 1 1593
1 0 1594
14 1 1595
4 0 1596
24 0 1597
14 1 1598
7 1 1599
26 0 1600
13 1 1601
8 0 1602
9 0 1603
2 1 1604
9 1 1605
21 0 1606
1 0 1607
29 1 1608
21 0 1609
24 0 1610
21 1 1611
15 1 1612
19 1 1613
2 0 1614
10 1 1615
18 1 1616
15 0 1617
26 0 1618
25 1 1619
24 0 1620
25 1 1621
8 0 1622
13 0 1623
21 0 1624
28 1 1625
26 0 1626
2 0 1627
16 1 1628
14 1 1629
23 1 1630
19 1 1631
4 0 1632
24 1 1633
9 0 1634
2 1 1635
19 0 1636
29 1 1637
25 0 1638
9 1 1639
25 0 1640
9 1 1641
1 0 1642
26 1 1643
12 0 1644
15 1 1645
19 0 1646
28 1 1647
3 0 1648
3 1 1649
11 0 1650
29 1 1651
24 0 1652
0 1 1653
26 0 1654
6 1 1655
6 0 1656
18 0 1657
2 1 1658
27 1 1659
14 0 1660
27 0 1661
16 1 1662
23 1 1663
20 0 1664
23 0 1665
15 1 1666
7 0 1667
11 1 1668
16 0 1669
29 1 1670
25 1 1671
23 0 1672
29 1 1673
8 0 1674
0 1 1675
15 0 1676
28 0 1677
14 0 1678
28 0 1679
17 1 1680
11 1 1681
10 1 1682
9 1 1683
17 0 1684
13 1 1685
11 0 1686
13 1 1687
25 0 1688
10 1 1689
15 0 1690
27 0 1691
10 1 1692
19 0 1693
9 1 1694
4 0 1695
28 1 1696
23 1 1697
14 0 1698
12 1 1699
11 0 1700
15 1 1701
3 0 1702
25 0 1703
10 1 1704
21 1 1705
21 1 1706
2 0 1707
16 0 1708
21 1 1709
4 0 1710
10 0 1711
26 0 1712
13 1 1713
23 1 1714
27 1 1715
9 0 1716
2 0 1717
29 0 1718
29 1 1719
12 1 1720
10 0 1721
3 0 1722
7 1 1723
0 0 1724
18 1 1725
16 1 1726
20 1 1727
24 0 1728
11 1 1729
25 0 1730
11 0 1731
9 0 1732
14 1 1733
6 0 1734
5 1 1735
11 1 1736
15 0 1737
8 1 1738
23 0 1739
1 1 1740
8 1 1741
12 0 1742
25 0 1743
27 1 1744
17 1 1745
24 0 1746
29 0 1747
6 1 1748
23 1 1749
27 0 1750
5 0 1751
15 1 1752
4 0 1753
13 1 1754
2 0 1755
3 1 1756
21 1 1757
15 0 1758
22 1 1759
0 0 1760
24 0 1761
12 1 1762
13 1 1763
8 0 1764
22 0 1765
29 0 1766
2 1 1767
11 0 1768
5 1 1769
7 1 1770
23 0 1771
26 1 1772
23 1 1773
8 1 1774
18 0 1775
12 0 1776
11 0 1777
22 1 1778
5 0 1779
24 1 1780
6 1 1781
28 0 1782
21 0 1783
18 1 1784
11 1 1785
29 0 1786
6 0 1787
7 1 1788
2 0 1789
15 1 1790
7 1 1791
11 0 1792
1 0 1793
18 1 1794
3 0 1795
12 1 1796
23 0 1797
20 1 1798
2 0 1799
14 1 1800
15 0 1801
5 1 1802
17 0 1803
25 1 1804
12 0 1805
19 1 1806
13 1 1807
20 0 1808
26 1 1809
21 0 1810
22 1 1811
23 0 1812
12 1 1813
26 0 1814
3 1 1815
23 0 1816
25 1 1817
15 1 1818
29 0 1819
19 1 1820
18 0 1821
11 0 1822
14 1 1823
7 1 1824
21 0 1825
27 0 1826
1 0 1827
29 1 1828
1 0 1829
1 1 1830
27 0 1831
29 1 1832
1 0 1833
21 1 1834
26 1 1835
17 1 1836
18 0 1837
1 0 1838
0 1 1839
24 0 1840
28 0 1841
9 1 1842
21 0 1843
12 0 1844
7 0 1845
11 1 1846
25 1 1847
29 1 1848
23 1 1849
28 0 1850
26 0 1851
0 1 1852
24 1 1853
11 0 1854
19 1 1855
23 0 1856
6 1 1857
16 1 1858
3 0 1859
27 0 1860
3 0 1861
19 0 1862
21 1 1863
19 0 1864
16 1 1865
22 1 1866
19 1 1867
21 0 1868
10 0 1869
16 1 1870
24 0 1871
22 1 1872
8 0 1873
22 1 1874
8 0 1875
10 0 1876
3 1 1877
9 1 1878
27 0 1879
28 1 1880
11 0 1881
20 1 1882
1 0 1883
2 1 1884
19 0 1885
2 0 1886
29 1 1887
9 0 1888
0 1 1889
13 0 1890
11 1 1891
18 1 1892
5 0 1893
11 1 1894
8 1 1895
17 1 1896
12 0 1897
15 0 1898
16 0 1899
13 0 1900
8 1 1901
6 1 1902
8 1 1903
7 0 1904
29 0 1905
4 1 1906
18 1 1907
7 0 1908
16 1 1909
1 1 1910
29 0 1911
19 0 1912
1 1 1913
8 0 1914
14 1 1915
14 1 1916
7 0 1917
0 0 1918
20 0 1919
11 1 1920
23 1 1921
25 1 1922
12 0 1923
10 0 1924
26 1 1925
22 0 1926
21 0 1927
5 1 1928
16 0 1929
18 1 1930
16 0 1931
26 1 1932
3 1 1933
2 0 1934
17 1 1935
7 0 1936
29 0 1937
10 1 1938
23 1 1939
20 0 1940
5 0 1941
22 1 1942
10 0 1943
24 1 1944
28 1 1945
14 0 1946
20 1 1947
3 0 1948
18 1 1949
8 0 1950
1 0 1951
9 1 1952
24 0 1953
3 1 1954
27 1 1955
18 0 1956
14 0 1957
13 1 1958
29 0 1959
21 1 1960
11 0 1961
11 1 1962
13 1 1963
29 0 1964
7 1 1965
26 0 1966
27 1 1967
18 1 1968
1 0 1969
10 0 1970
6 0 1971
2 1 1972
8 1 1973
11 1 1974
27 0 1975
6 1 1976
28 0 1977
13 1 1978
23 0 1979
13 1 1980
26 0 1981
27 0 1982
2 1 1983
18 1 1984
18 0 1985
7 0 1986
13 1 1987
11 0 1988
3 0 1989
25 1 1990
15 1 1991
2 0 1992
11 1 1993
16 0 1994
16 0 1995
10 0 1996
17 1 1997
22 1 1998
20 1 1999
4 0 2000
17 0 2001
0 1 2002
29 1 2003
28 1 2004
21 0 2005
20 0 2006
8 1 2007
23 0 2008
2 0 2009
11 1 2010
11 0 2011
23 1 2012
23 0 2013
24 1 2014
29 1 2015
25 0 2016
19 1 2017
18 0 2018
19 1 2019
9 1 2020
23 0 2021
23 0 2022
17 1 2023
26 0 2024
29 1 2025
20 0 2026
6 1 2027
6 0 2028
2 1 2029
0 0 2030
0 0 2031
12 1 2032
25 1 2033
5 1 2034
28 0 2035
9 0 2036
19 1 2037
10 0 2038
2 1 2039
14 0 2040
9 1 2041
28 0 2042
29 1 2043
6 0 2044
18 0 2045
25 1 2046
3 0 2047
5 1 2048
2 0 2049
29 1 2050
23 1 2051
0 0 2052
27 1 2053
6 0 2054
22 1 2055
10 0 2056
26 1 2057
29 0 2058
16 1 2059
12 0 2060
17 1 2061
17 0 2062
22 0 2063
4 1 2064
18 1 2065
12 1 2066
29 0 2067
27 1 2068
5 0 2069
6 0 2070
11 1 2071
15 0 2072
12 1 2073
18 0 2074
2 1 2075
27 0 2076
1 1 2077
16 1 2078
1 0 2079
4 0 2080
27 1 2081
2 0 2082
17 0 2083
27 1 2084
8 0 2085
3 1 2086
9 1 2087
5 0 2088
23 1 2089
12 0 2090
7 1 2091
26 0 2092
11 1 2093
13 0 2094
0 1 2095
23 0 2096
13 0 2097
4 1 2098
13 1 2099
19 0 2100
28 0 2101
26 1 2102
22 0 2103
15 1 2104
28 0 2105
7 1 2106
4 0 2107
18 1 2108
27 0 2109
26 0 2110
4 1 2111
16 0 2112
4 0 2113
6 1 2114
3 1 2115
3 0 2116
16 1 2117
28 1 2118
4 1 2119
10 0 2120
0 0 2121
21 1 2122
26 1 2123
21 0 2124
6 1 2125
29 0 2126
12 0 2127
28 1 2128
16 0 2129
11 0 2130
29 1 2131
17 1 2132
15 1 2133
15 1 2134
7 0 2135
22 0 2136
2 1 2137
17 0 2138
2 0 2139
23 1 2140
29 0 2141
4 1 2142
25 1 2143
16 0 2144
3 0 2145
27 1 2146
0 0 2147
7 1 2148
17 0 2149
28 0 2150
7 1 2151
26 1 2152
26 0 2153
29 0 2154
17 1 2155
5 1 2156
16 1 2157
0 0 2158
10 0 2159
3 1 2160
29 0 2161
17 0 2162
1 1 2163
8 1 2164
8 0 2165
23 1 2166
23 0 2167
23 1 2168
21 1 2169
7 0 2170
14 1 2171
8 1 2172
26 1 2173
27 0 2174
14 0 2175
16 1 2176
11 1 2177
4 1 2178
0 0 2179
19 0 2180
21 0 2181
5 0 2182
25 0 2183
10 1 2184
4 0 2185
26 1 2186
7 0 2187
1 1 2188
2 0 2189
23 1 2190
16 1 2191
26 0 2192
6 1 2193
0 0 2194
5 1 2195
1 0 2196
7 0 2197
22 1 2198
19 1 2199
13 0 2200
15 1 2201
16 0 2202
24 1 2203
1 0 2204
22 0 2205
23 1 2206
3 1 2207
27 0 2208
18 1 2209
22 0 2210
28 1 2211
0 0 2212
17 1 2213
25 1 2214
16 0 2215
8 0 2216
21 1 2217
5 0 2218
27 0 2219
6 1 2220
13 0 2221
28 0 2222
11 1 2223
29 1 2224
6 1 2225
6 0 2226
18 0 2227
1 1 2228
16 1 2229
16 0 2230
0 0 2231
13 1 2232
27 1 2233
13 0 2234
21 0 2235
20 1 2236
22 0 2237
0 1 2238
22 0 2239
9 1 2240
6 0 2241
18 0 2242
20 1 2243
25 1 2244
20 0 2245
13 1 2246
11 0 2247
14 1 2248
10 0 2249
16 1 2250
0 0 2251
7 1 2252
2 1 2253
6 0 2254
25 0 2255
12 1 2256
24 0 2257
28 1 2258
28 1 2259
29 1 2260
20 0 2261
19 1 2262
0 0 2263
8 0 2264
15 0 2265
11 1 2266
11 0 2267
16 1 2268
29 1 2269
28 0 2270
11 1 2271
1 0 2272
29 1 2273
15 0 2274
24 0 2275
29 0 2276
29 1 2277
7 1 2278
7 1 2279
22 0 2280
19 0 2281
13 1 2282
25 1 2283
23 0 2284
23 0 2285
7 1 2286
19 0 2287
0 1 2288
28 1 2289
25 0 2290
6 0 2291
25 0 2292
28 1 2293
2 1 2294
27 0 2295
20 1 2296
7 1 2297
29 1 2298
20 1 2299
6 0 2300
12 0 2301
19 0 2302
29 0 2303
11 1 2304
29 1 2305
4 0 2306
8 0 2307
4 1 2308
17 1 2309
20 0 2310
17 0 2311
24 1 2312
0 0 2313
25 0 2314
12 1 2315
23 1 2316
23 0 2317
11 1 2318
4 1 2319
14 0 2320
4 0 2321
17 0 2322
25 1 2323
21 1 2324
17 0 2325
15 1 2326
2 0 2327
4 1 2328
27 1 2329
18 0 2330
16 1 2331
11 0 2332
23 1 2333
22 1 2334
20 1 2335
28 0 2336
24 1 2337
27 0 2338
0 0 2339
6 0 2340
22 0 2341
18 0 2342
25 1 2343
14 1 2344
6 1 2345
20 0 2346
29 1 2347
21 0 2348
8 1 2349
6 1 2350
7 0 2351
0 1 2352
9 0 2353
8 0 2354
11 0 2355
2 1 2356
9 0 2357
21 1 2358
19 1 2359
21 0 2360
13 1 2361
25 0 2362
16 0 2363
21 1 2364
4 0 2365
15 0 2366
24 1 2367
10 1 2368
17 0 2369
23 1 2370
13 1 2371
15 1 2372
18 0 2373
16 0 2374
19 1 2375
23 0 2376
9 1 2377
13 0 2378
26 0 2379
15 1 2380
28 1 2381
12 1 2382
19 0 2383
9 0 2384
10 0 2385
11 0 2386
16 1 2387
3 1 2388
2 1 2389
12 0 2390
2 1 2391
7 1 2392
14 1 2393
28 0 2394
9 0 2395
19 1 2396
8 0 2397
25 0 2398
16 0 2399
24 0 2400
23 1 2401
17 1 2402
17 1 2403
25 0 2404
0 0 2405
14 1 2406
24 0 2407
27 1 2408
3 1 2409
25 0 2410
20 0 2411
2 1 2412
27 1 2413
9 0 2414
11 0 2415
9 1 2416
9 1 2417
8 1 2418
13 0 2419
15 1 2420
29 0 2421
1 1 2422
24 0 2423
1 0 2424
15 0 2425
10 1 2426
8 0 2427
3 1 2428
28 1 2429
8 0 2430
13 0 2431
25 1 2432
25 0 2433
22 1 2434
2 0 2435
6 1 2436
21 0 2437
15 0 2438
25 1 2439
1 1 2440
10 1 2441
8 0 2442
28 0 2443
27 1 2444
18 1 2445
18 0 2446
12 0 2447
6 0 2448
13 1 2449
12 1 2450
26 0 2451
23 1 2452
25 1 2453
6 0 2454
29 1 2455
28 1 2456
4 0 2457
15 1 2458
23 0 2459
5 1 2460
2 0 2461
14 0 2462
27 1 2463
2 0 2464
9 1 2465
14 0 2466
28 0 2467
24 1 2468
21 1 2469
1 0 2470
21 1 2471
4 0 2472
8 1 2473
28 0 2474
19 1 2475
2 1 2476
10 0 2477
11 0 2478
23 0 2479
18 1 2480
19 0 2481
8 1 2482
9 1 2483
15 1 2484
19 0 2485
14 0 2486
10 1 2487
22 1 2488
10 0 2489
16 1 2490
19 0 2491
17 0 2492
22 0 2493
5 0 2494
16 0 2495
21 1 2496
6 0 2497
20 1 2498
15 1 2499
23 1 2500
1 1 2501
21 1 2502
18 0 2503
11 0 2504
8 1 2505
9 0 2506
13 1 2507
14 0 2508
20 0 2509
26 1 2510
27 0 2511
24 1 2512
12 1 2513
10 0 2514
12 0 2515
17 1 2516
23 0 2517
14 1 2518
15 0 2519
26 1 2520
9 1 2521
6 0 2522
13 0 2523
28 1 2524
7 0 2525
23 1 2526
25 1 2527
22 0 2528
4 0 2529
19 1 2530
21 0 2531
15 1 2532
4 0 2533
24 1 2534
21 0 2535
24 1 2536
7 0 2537
28 1 2538
11 0 2539
4 1 2540
16 1 2541
15 0 2542
14 1 2543
0 0 2544
1 0 2545
21 1 2546
2 0 2547
18 1 2548
15 0 2549
19 0 2550
21 1 2551
9 1 2552
2 0 2553
0 1 2554
23 0 2555
8 1 2556
2 0 2557
28 1 2558
11 0 2559
18 1 2560
12 1 2561
20 1 2562
11 0 2563
13 0 2564
0 0 2565
26 1 2566
27 1 2567
21 0 2568
24 0 2569
13 1 2570
15 0 2571
23 1 2572
8 0 2573
13 1 2574
2 1 2575
17 0 2576
17 1 2577
29 0 2578
19 1 2579
17 0 2580
28 1 2581
18 0 2582
3 0 2583
6 1 2584
4 0 2585
25 0 2586
18 1 2587
15 1 2588
20 1 2589
27 1 2590
18 0 2591
15 0 2592
2 1 2593
15 0 2594
17 1 2595
16 0 2596
6 0 2597
18 0 2598
16 1 2599
19 0 2600
14 1 2601
9 0 2602
15 1 2603
13 1 2604
17 0 2605
15 1 2606
0 1 2607
0 0 2608
3 1 2609
16 0 2610
27 1 2611
9 0 2612
2 0 2613
21 0 2614
10 1 2615
13 1 2616
27 0 2617
17 1 2618
19 1 2619
26 0 2620
14 0 2621
10 1 2622
12 1 2623
29 0 2624
27 1 2625
11 0 2626
21 0 2627
19 1 2628
2 0 2629
21 1 2630
24 0 2631
15 0 2632
22 1 2633
15 1 2634
8 0 2635
18 1 2636
12 0 2637
26 0 2638
19 0 2639
3 0 2640
24 0 2641
0 1 2642
1 1 2643
18 1 2644
0 1 2645
16 0 2646
4 1 2647
4 0 2648
9 1 2649
13 1 2650
15 1 2651
8 0 2652
5 1 2653
15 0 2654
1 0 2655
29 1 2656
11 0 2657
23 1 2658
10 1 2659
4 0 2660
4 0 2661
15 1 2662
19 0 2663
18 1 2664
16 0 2665
25 1 2666
1 1 2667
7 0 2668
21 0 2669
27 1 2670
19 1 2671
8 1 2672
0 0 2673
11 0 2674
25 1 2675
14 0 2676
24 1 2677
17 0 2678
17 0 2679
6 1 2680
20 1 2681
7 0 2682
5 1 2683
16 0 2684
18 0 2685
19 1 2686
29 0 2687
27 1 2688
25 0 2689
13 1 2690
20 0 2691
13 1 2692
6 1 2693
28 1 2694
29 0 2695
22 1 2696
23 1 2697
23 1 2698
13 1 2699
17 1 2700
15 1 2701
6 1 2702
24 0 2703
25 0 2704
9 0 2705
1 0 2706
20 0 2707
11 0 2708
0 0 2709
7 0 2710
8 0 2711
9 0 2712
16 1 2713
22 1 2714
16 1 2715
19 0 2716
27 1 2717
27 0 2718
22 0 2719
23 1 2720
11 0 2721
22 0 2722
16 1 2723
15 1 2724
17 1 2725
22 0 2726
1 1 2727
18 0 2728
5 0 2729
19 0 2730
15 1 2731
28 0 2732
20 1 2733
7 1 2734
7 1 2735
8 0 2736
28 0 2737
3 0 2738
10 1 2739
16 1 2740
7 0 2741
19 1 2742
4 1 2743
13 0 2744
8 0 2745
26 1 2746
16 0 2747
1 1 2748
29 0 2749
1 1 2750
29 0 2751
20 1 2752
2 1 2753
15 0 2754
27 0 2755
13 0 2756
14 1 2757
4 1 2758
18 1 2759
26 0 2760
13 0 2761
10 1 2762
26 1 2763
8 0 2764
1 1 2765
23 0 2766
4 0 2767
13 1 2768
28 1 2769
13 0 2770
23 1 2771
25 0 2772
0 1 2773
6 0 2774
3 0 2775
13 0 2776
10 1 2777
15 1 2778
18 1 2779
17 0 2780
24 0 2781
0 0 2782
5 1 2783
13 1 2784
23 0 2785
27 0 2786
26 1 2787
0 1 2788
28 1 2789
27 0 2790
21 1 2791
0 0 2792
14 1 2793
8 0 2794
15 1 2795
25 0 2796
23 1 2797
28 0 2798
4 0 2799
5 1 2800
21 0 2801
5 1 2802
5 1 2803
10 0 2804
11 1 2805
29 0 2806
12 1 2807
18 0 2808
14 1 2809
2 1 2810
5 1 2811
5 0 2812
13 0 2813
9 1 2814
23 0 2815
10 0 2816
11 0 2817
7 1 2818
6 0 2819
3 1 2820
23 0 2821
25 1 2822
20 1 2823
9 0 2824
14 1 2825
18 0 2826
25 0 2827
12 0 2828
26 1 2829
29 1 2830
14 1 2831
21 0 2832
25 1 2833
3 0 2834
16 0 2835
16 0 2836
13 1 2837
5 0 2838
6 1 2839
6 1 2840
25 0 2841
5 1 2842
10 0 2843
15 1 2844
1 0 2845
14 0 2846
4 1 2847
19 1 2848
11 1 2849
12 0 2850
23 1 2851
23 0 2852
12 0 2853
10 1 2854
0 1 2855
14 0 2856
7 0 2857
26 1 2858
9 1 2859
29 0 2860
12 1 2861
20 1 2862
15 0 2863
22 1 2864
28 0 2865
2 0 2866
17 0 2867
21 1 2868
16 0 2869
21 0 2870
9 1 2871
21 1 2872
1 1 2873
2 1 2874
12 0 2875
5 1 2876
0 0 2877
16 0 2878
17 1 2879
16 0 2880
7 0 2881
28 1 2882
24 1 2883
15 0 2884
25 1 2885
26 0 2886
1 1 2887
23 0 2888
8 1 2889
9 1 2890
13 1 2891
23 1 2892
3 0 2893
8 0 2894
26 0 2895
15 0 2896
17 0 2897
24 1 2898
22 0 2899
13 0 2900
6 1 2901
20 1 2902
6 1 2903
26 0 2904
22 1 2905
24 0 2906
27 0 2907
14 1 2908
9 0 2909
16 1 2910
20 1 2911
26 1 2912
27 0 2913
1 0 2914
19 0 2915
0 1 2916
10 0 2917
27 1 2918
21 0 2919
25 1 2920
24 0 2921
20 1 2922
27 0 2923
5 1 2924
29 1 2925
2 0 2926
24 1 2927
5 0 2928
18 0 2929
20 1 2930
4 1 2931
9 0 2932
27 1 2933
27 0 2934
10 1 2935
28 0 2936
5 0 2937
4 1 2938
11 1 2939
4 0 2940
18 1 2941
16 0 2942
11 0 2943
27 0 2944
22 1 2945
14 0 2946
11 1 2947
21 1 2948
13 1 2949
23 0 2950
20 1 2951
22 1 2952
28 0 2953
14 0 2954
23 0 2955
26 1 2956
20 0 2957
24 0 2958
12 1 2959
4 1 2960
0 0 2961
10 1 2962
14 0 2963
10 1 2964
11 0 2965
1 1 2966
17 1 2967
2 0 2968
3 0 2969
10 1 2970
9 1 2971
5 0 2972
21 0 2973
15 0 2974
0 1 2975
19 1 2976
26 0 2977
11 0 2978
22 0 2979
2 1 2980
14 1 2981
7 1 2982
7 0 2983
5 1 2984
14 1 2985
3 1 2986
28 0 2987
9 1 2988
14 0 2989
27 1 2990
13 0 2991
0 0 2992
21 1 2993
12 0 2994
9 1 2995
4 0 2996
29 1 2997
19 0 2998
10 1 2999
5 0 3000
2 1 3001
17 0 3002
3 1 3003
6 0 3004
6 0 3005
16 1 3006
24 1 3007
2 1 3008
2 0 3009
29 0 3010
17 1 3011
5 1 3012
27 0 3013
18 0 3014
27 1 3015
17 0 3016
4 1 3017
14 0 3018
28 1 3019
21 0 3020
1 0 3021
18 1 3022
4 0 3023
12 1 3024
11 1 3025
14 0 3026
29 0 3027
19 1 3028
9 0 3029
5 1 3030
19 1 3031
12 0 3032
28 0 3033
14 1 3034
18 0 3035
27 1 3036
26 0 3037
8 1 3038
26 0 3039
0 1 3040
16 1 3041
6 0 3042
0 0 3043
26 1 3044
28 0 3045
18 1 3046
1 0 3047
10 0 3048
18 1 3049
16 1 3050
29 1 3051
4 0 3052
24 1 3053
28 1 3054
10 0 3055
4 0 3056
1 0 3057
18 1 3058
21 1 3059
18 0 3060
22 1 3061
10 0 3062
20 0 3063
15 0 3064
28 1 3065
24 0 3066
15 0 3067
23 1 3068
4 1 3069
13 1 3070
13 0 3071
20 0 3072
17 1 3073
19 1 3074
7 1 3075
8 1 3076
23 0 3077
24 0 3078
19 0 3079
20 0 3080
13 1 3081
20 1 3082
11 1 3083
19 0 3084
13 0 3085
3 1 3086
11 0 3087
1 1 3088
0 1 3089
16 0 3090
0 0 3091
26 1 3092
3 1 3093
27 0 3094
7 0 3095
21 1 3096
4 0 3097
1 1 3098
1 0 3099
22 1 3100
3 0 3101
10 1 3102
23 0 3103
4 1 3104
19 0 3105
28 1 3106
18 1 3107
29 1 3108
23 0 3109
23 0 3110
20 1 3111
29 1 3112
18 0 3113
4 0 3114
1 1 3115
21 0 3116
8 0 3117
17 0 3118
13 1 3119
7 1 3120
4 1 3121
9 1 3122
18 0 3123
8 0 3124
29 0 3125
18 1 3126
9 1 3127
25 0 3128
15 1 3129
4 1 3130
14 0 3131
9 0 3132
13 0 3133
24 1 3134
3 0 3135
18 1 3136
26 1 3137
20 1 3138
22 0 3139
21 0 3140
18 0 3141
2 1 3142
5 1 3143
13 0 3144
15 0 3145
26 1 3146
1 0 3147
28 0 3148
7 1 3149
8 1 3150
9 1 3151
5 0 3152
27 1 3153
3 0 3154
4 1 3155
22 0 3156
11 0 3157
13 1 3158
20 1 3159
16 0 3160
11 1 3161
3 0 3162
11 0 3163
11 1 3164
1 0 3165
27 0 3166
29 1 3167
8 1 3168
15 0 3169
7 1 3170
6 1 3171
25 1 3172
2 1 3173
8 0 3174
2 0 3175
23 0 3176
28 0 3177
17 1 3178
27 0 3179
28 0 3180
2 1 3181
9 1 3182
29 0 3183
18 0 3184
10 1 3185
25 1 3186
27 1 3187
20 0 3188
24 0 3189
4 1 3190
24 1 3191
24 0 3192
18 1 3193
0 1 3194
14 1 3195
15 0 3196
19 0 3197
23 1 3198
17 0 3199
29 0 3200
15 1 3201
25 0 3202
15 0 3203
14 0 3204
17 1 3205
0 1 3206
10 0 3207
1 0 3208
24 1 3209
10 1 3210
20 1 3211
20 0 3212
2 0 3213
18 1 3214
4 0 3215
5 1 3216
1 0 3217
8 1 3218
26 1 3219
8 1 3220
29 0 3221
20 1 3222
11 0 3223
22 1 3224
2 0 3225
14 0 3226
21 1 3227
7 0 3228
4 1 3229
2 0 3230
2 0 3231
7 1 3232
0 1 3233
4 0 3234
25 1 3235
17 0 3236
9 1 3237
6 0 3238
6 1 3239
21 0 3240
2 1 3241
27 0 3242
14 0 3243
6 0 3244
12 1 3245
14 1 3246
24 0 3247
10 0 3248
24 1 3249
2 1 3250
18 0 3251
21 1 3252
6 0 3253
23 1 3254
12 1 3255
15 0 3256
7 0 3257
23 1 3258
2 0 3259
5 1 3260
19 1 3261
0 1 3262
20 0 3263
7 0 3264
1 1 3265
15 0 3266
4 1 3267
19 0 3268
25 0 3269
4 0 3270
26 0 3271
9 1 3272
18 1 3273
16 0 3274
16 1 3275
13 1 3276
28 0 3277
16 1 3278
27 1 3279
18 0 3280
24 1 3281
25 0 3282
21 0 3283
22 1 3284
8 0 3285
11 1 3286
18 0 3287
6 0 3288
19 1 3289
6 1 3290
5 0 3291
22 1 3292
26 1 3293
28 1 3294
29 1 3295
26 0 3296
0 0 3297
19 0 3298
27 1 3299
2 0 3300
22 1 3301
13 0 3302
0 1 3303
18 1 3304
23 1 3305
26 0 3306
8 0 3307
13 0 3308
25 1 3309
28 1 3310
25 0 3311
12 0 3312
24 1 3313
20 0 3314
8 1 3315
24 0 3316
1 1 3317
26 0 3318
23 1 3319
23 0 3320
7 1 3321
5 0 3322
8 0 3323
24 1 3324
5 0 3325
0 1 3326
11 0 3327
20 0 3328
1 1 3329
27 1 3330
25 0 3331
27 1 3332
6 0 3333
13 1 3334
25 1 3335
9 1 3336
8 0 3337
0 0 3338
9 0 3339
14 1 3340
14 0 3341
22 1 3342
15 1 3343
27 0 3344
27 0 3345
24 1 3346
29 1 3347
7 1 3348
7 0 3349
27 0 3350
12 1 3351
18 0 3352
13 1 3353
18 1 3354
25 0 3355
19 1 3356
14 0 3357
27 0 3358
18 0 3359
0 0 3360
15 1 3361
27 1 3362
26 1 3363
26 0 3364
9 0 3365
12 1 3366
5 0 3367
17 1 3368
7 0 3369
20 0 3370
20 1 3371
16 1 3372
19 0 3373
13 1 3374
25 1 3375
22 1 3376
23 0 3377
25 1 3378
28 0 3379
13 0 3380
12 0 3381
21 1 3382
0 1 3383
21 0 3384
17 0 3385
28 1 3386
14 1 3387
23 0 3388
12 0 3389
29 1 3390
27 0 3391
0 1 3392
7 0 3393
24 1 3394
25 0 3395
23 1 3396
24 1 3397
28 0 3398
5 1 3399
1 0 3400
15 1 3401
25 0 3402
15 1 3403
23 0 3404
20 1 3405
13 0 3406
22 0 3407
29 1 3408
24 1 3409
29 0 3410
9 1 3411
15 0 3412
15 1 3413
25 0 3414
24 0 3415
24 1 3416
5 1 3417
1 1 3418
27 0 3419
20 0 3420
22 0 3421
18 0 3422
28 1 3423
5 1 3424
15 0 3425
13 1 3426
22 0 3427
5 0 3428
19 1 3429
19 0 3430
14 1 3431
9 0 3432
26 0 3433
6 1 3434
3 1 3435
11 1 3436
8 1 3437
16 0 3438
3 1 3439
14 0 3440
26 0 3441
7 1 3442
5 1 3443
29 1 3444
27 0 3445
24 0 3446
14 1 3447
22 0 3448
28 1 3449
13 0 3450
26 0 3451
12 1 3452
1 0 3453
22 1 3454
28 0 3455
18 1 3456
22 0 3457
11 1 3458
25 1 3459
17 1 3460
8 0 3461
15 0 3462
27 1 3463
15 1 3464
9 0 3465
5 0 3466
27 0 3467
20 0 3468
24 1 3469
29 0 3470
1 1 3471
21 1 3472
13 0 3473
18 1 3474
11 1 3475
12 0 3476
1 0 3477
18 1 3478
13 1 3479
4 0 3480
28 0 3481
2 1 3482
27 1 3483
17 0 3484
17 1 3485
19 1 3486
16 1 3487
10 0 3488
15 1 3489
17 0 3490
23 1 3491
11 1 3492
6 0 3493
10 0 3494
16 0 3495
12 0 3496
28 1 3497
20 0 3498
6 1 3499
10 1 3500
18 0 3501
12 1 3502
25 0 3503
4 0 3504
14 1 3505
6 0 3506
5 0 3507
15 1 3508
10 1 3509
23 0 3510
23 1 3511
28 0 3512
5 0 3513
18 1 3514
25 1 3515
4 0 3516
16 0 3517
12 0 3518
11 1 3519
3 0 3520
9 1 3521
6 1 3522
22 0 3523
23 1 3524
12 1 3525
3 0 3526
9 1 3527
28 0 3528
29 1 3529
6 0 3530
23 1 3531
5 0 3532
0 1 3533
25 0 3534
17 1 3535
20 1 3536
7 0 3537
20 0 3538
17 1 3539
9 0 3540
8 1 3541
5 0 3542
6 1 3543
22 1 3544
2 1 3545
6 0 3546
29 0 3547
22 0 3548
25 1 3549
19 0 3550
1 1 3551
5 0 3552
12 1 3553
20 0 3554
17 0 3555
7 1 3556
27 0 3557
2 0 3558
27 1 3559
8 1 3560
28 0 3561
29 1 3562
8 1 3563
18 0 3564
0 0 3565
22 1 3566
21 1 3567
27 0 3568
29 1 3569
23 1 3570
2 0 3571
17 1 3572
23 0 3573
24 0 3574
18 0 3575
23 0 3576
1 1 3577
16 1 3578
17 0 3579
16 1 3580
8 1 3581
15 0 3582
22 0 3583
21 1 3584
24 1 3585
12 0 3586
18 0 3587
18 1 3588
0 1 3589
0 0 3590
4 1 3591
15 0 3592
27 1 3593
16 0 3594
24 1 3595
17 1 3596
1 0 3597
10 0 3598
11 0 3599
12 1 3600
28 0 3601
28 1 3602
23 1 3603
13 0 3604
7 1 3605
12 1 3606
20 0 3607
24 1 3608
7 0 3609
9 0 3610
25 0 3611
8 1 3612
17 1 3613
14 0 3614
5 1 3615
19 1 3616
5 0 3617
28 0 3618
13 1 3619
23 1 3620
14 0 3621
7 0 3622
22 1 3623
11 0 3624
21 1 3625
18 0 3626
9 0 3627
3 1 3628
18 1 3629
16 0 3630
10 0 3631
14 1 3632
2 1 3633
11 1 3634
1 0 3635
2 1 3636
22 0 3637
22 0 3638
1 0 3639
7 1 3640
7 0 3641
8 1 3642
26 1 3643
12 0 3644
14 1 3645
8 1 3646
10 0 3647
27 1 3648
17 0 3649
17 0 3650
13 1 3651
1 0 3652
20 0 3653
27 1 3654
29 0 3655
6 1 3656
14 0 3657
1 1 3658
15 0 3659
8 0 3660
22 1 3661
9 0 3662
16 1 3663
23 1 3664
24 0 3665
2 0 3666
16 1 3667
27 1 3668
23 1 3669
12 0 3670
0 1 3671
11 0 3672
4 1 3673
4 0 3674
16 0 3675
3 0 3676
0 1 3677
20 0 3678
1 1 3679
23 1 3680
0 1 3681
10 0 3682
15 1 3683
16 0 3684
28 0 3685
2 1 3686
10 0 3687
5 1 3688
26 0 3689
7 1 3690
12 0 3691
2 1 3692
28 1 3693
21 0 3694
16 1 3695
4 0 3696
5 0 3697
27 1 3698
8 1 3699
5 0 3700
22 1 3701
1 0 3702
24 1 3703
5 1 3704
5 0 3705
7 1 3706
27 0 3707
8 1 3708
12 1 3709
14 0 3710
27 0 3711
5 1 3712
25 0 3713
10 1 3714
8 0 3715
28 1 3716
22 0 3717
23 0 3718
25 1 3719
23 0 3720
20 1 3721
7 0 3722
2 0 3723
26 1 3724
15 1 3725
12 0 3726
20 0 3727
1 1 3728
13 1 3729
23 0 3730
2 0 3731
15 1 3732
21 0 3733
0 1 3734
24 0 3735
1 1 3736
25 1 3737
2 0 3738
26 0 3739
11 0 3740
2 1 3741
19 0 3742
28 1 3743
25 1 3744
1 0 3745
1 1 3746
22 1 3747
12 1 3748
9 0 3749
22 0 3750
8 1 3751
28 0 3752
17 1 3753
23 0 3754
27 0 3755
21 1 3756
16 0 3757
23 1 3758
5 0 3759
1 1 3760
17 0 3761
21 1 3762
28 1 3763
12 0 3764
2 0 3765
15 1 3766
12 1 3767
10 0 3768
12 1 3769
28 0 3770
21 1 3771
28 0 3772
11 1 3773
6 0 3774
25 1 3775
17 0 3776
20 0 3777
10 1 3778
6 1 3779
14 1 3780
14 0 3781
12 0 3782
23 1 3783
29 1 3784
14 0 3785
1 0 3786
26 1 3787
23 0 3788
20 1 3789
12 0 3790
27 1 3791
9 1 3792
0 0 3793
21 0 3794
6 0 3795
22 1 3796
3 1 3797
11 0 3798
0 0 3799
27 1 3800
23 1 3801
15 0 3802
23 1 3803
11 0 3804
1 1 3805
8 0 3806
12 1 3807
9 0 3808
6 1 3809
7 0 3810
12 0 3811
27 1 3812
22 0 3813
1 1 3814
26 0 3815
28 0 3816
24 0 3817
17 1 3818
25 1 3819
9 1 3820
27 1 3821
9 0 3822
20 0 3823
2 1 3824
18 1 3825
27 0 3826
28 0 3827
16 0 3828
4 1 3829
13 1 3830
5 1 3831
13 0 3832
29 0 3833
7 1 3834
27 0 3835
18 0 3836
11 1 3837
22 1 3838
7 1 3839
9 0 3840
22 0 3841
14 1 3842
21 1 3843
24 0 3844
12 1 3845
12 0 3846
11 0 3847
23 0 3848
9 0 3849
5 1 3850
21 1 3851
7 1 3852
8 0 3853
16 1 3854
7 0 3855
29 1 3856
2 0 3857
21 1 3858
9 1 3859
0 0 3860
24 0 3861
14 1 3862
24 1 3863
17 0 3864
1 0 3865
8 0 3866
3 1 3867
28 1 3868
10 1 3869
14 0 3870
16 0 3871
3 0 3872
13 1 3873
5 1 3874
21 1 3875
0 0 3876
10 1 3877
3 0 3878
27 0 3879
5 1 3880
27 0 3881
10 1 3882
26 1 3883
5 0 3884
1 1 3885
11 0 3886
21 0 3887
3 1 3888
24 0 3889
29 1 3890
29 1 3891
15 0 3892
25 0 3893
5 0 3894
5 1 3895
17 1 3896
18 1 3897
11 1 3898
25 0 3899
27 1 3900
5 0 3901
3 0 3902
10 0 3903
8 1 3904
17 0 3905
20 1 3906
10 1 3907
29 0 3908
4 1 3909
14 0 3910
7 0 3911
4 1 3912
13 0 3913
24 0 3914
18 1 3915
1 0 3916
29 1 3917
6 1 3918
1 1 3919
0 1 3920
7 1 3921
21 0 3922
28 0 3923
0 0 3924
25 0 3925
15 1 3926
24 1 3927
5 0 3928
22 0 3929
10 0 3930
18 1 3931
6 1 3932
17 1 3933
8 0 3934
17 0 3935
20 0 3936
21 1 3937
23 1 3938
1 1 3939
25 0 3940
7 1 3941
28 0 3942
4 0 3943
10 0 3944
28 1 3945
0 1 3946
29 0 3947
25 0 3948
24 1 3949
4 1 3950
28 1 3951
4 0 3952
21 1 3953
25 0 3954
9 0 3955
14 1 3956
12 1 3957
0 0 3958
28 1 3959
28 0 3960
28 0 3961
26 1 3962
8 1 3963
24 0 3964
5 0 3965
1 1 3966
17 1 3967
21 0 3968
15 1 3969
4 0 3970
8 1 3971
13 0 3972
3 1 3973
18 1 3974
11 0 3975
15 0 3976
21 1 3977
18 0 3978
3 0 3979
1 1 3980
10 0 3981
17 1 3982
0 1 3983
26 0 3984
0 1 3985
29 1 3986
28 0 3987
5 1 3988
21 0 3989
29 0 3990
21 1 3991
6 1 3992
12 0 3993
9 0 3994
24 0 3995
15 1 3996
15 0 3997
11 1 3998
6 1 3999
21 1 4000
0 1 4001
9 0 4002
14 0 4003
22 0 4004
9 1 4005
4 0 4006
8 1 4007
8 0 4008
28 0 4009
23 1 4010
5 0 4011
3 1 4012
22 1 4013
4 1 4014
4 1 4015
4 0 4016
8 0 4017
15 0 4018
9 0 4019
8 1 4020
18 0 4021
17 0 4022
2 1 4023
13 0 4024
8 1 4025
25 1 4026
6 0 4027
4 1 4028
29 0 4029
15 0 4030
26 1 4031
5 1 4032
29 1 4033
29 0 4034
8 0 4035
23 0 4036
21 1 4037
3 1 4038
19 1 4039
9 0 4040
5 0 4041
15 1 4042
2 0 4043
17 1 4044
18 0 4045
28 1 4046
24 1 4047
16 1 4048
9 0 4049
4 0 4050
28 1 4051
8 0 4052
14 1 4053
3 0 4054
6 1 4055
2 1 4056
0 0 4057
16 0 4058
3 1 4059
25 0 4060
10 1 4061
9 0 4062
1 0 4063
4 1 4064
5 1 4065
14 0 4066
0 1 4067
19 0 4068
11 1 4069
5 1 4070
3 0 4071
18 0 4072
20 1 4073
24 0 4074
11 0 4075
27 1 4076
21 0 4077
9 1 4078
0 1 4079
2 0 4080
18 0 4081
23 1 4082
0 1 4083
21 0 4084
0 0 4085
5 1 4086
0 0 4087
1 0 4088
27 1 4089
10 1 4090
19 1 4091
13 0 4092
8 1 4093
11 0 4094
8 0 4095
25 1 4096
9 0 4097
25 1 4098
24 1 4099
1 0 4100
13 0 4101
12 1 4102
4 0 4103
19 1 4104
25 0 4105
11 1 4106
0 0 4107
14 1 4108
11 0 4109
18 1 4110
21 1 4111
10 0 4112
6 0 4113
15 1 4114
4 1 4115
8 0 4116
6 1 4117
15 0 4118
15 1 4119
24 0 4120
29 0 4121
13 1 4122
17 1 4123
4 1 4124
7 1 4125
18 0 4126
12 0 4127
20 0 4128
6 0 4129
0 1 4130
25 1 4131
24 0 4132
3 1 4133
6 0 4134
4 0 4135
19 0 4136
10 0 4137
3 1 4138
11 1 4139
19 1 4140
2 1 4141
13 0 4142
10 0 4143
5 1 4144
28 0 4145
13 1 4146
2 1 4147
5 1 4148
23 0 4149
11 0 4150
25 0 4151
27 1 4152
10 1 4153
14 0 4154
5 1 4155
10 0 4156
27 0 4157
19 0 4158
26 1 4159
13 0 4160
25 1 4161
12 1 4162
28 1 4163
22 0 4164
4 0 4165
1 0 4166
26 1 4167
25 0 4168
25 1 4169
16 1 4170
10 0 4171
19 1 4172
17 1 4173
28 0 4174
3 1 4175
23 0 4176
17 1 4177
3 0 4178
19 0 4179
7 1 4180
8 0 4181
9 1 4182
1 0 4183
11 1 4184
9 1 4185
7 1 4186
11 0 4187
4 0 4188
23 1 4189
27 0 4190
5 1 4191
15 0 4192
7 1 4193
21 1 4194
28 0 4195
21 0 4196
26 1 4197
16 0 4198
0 0 4199
12 1 4200
5 1 4201
8 0 4202
0 1 4203
6 0 4204
3 0 4205
17 1 4206
28 1 4207
22 0 4208
11 1 4209
21 0 4210
29 0 4211
8 0 4212
13 0 4213
4 1 4214
5 1 4215
11 0 4216
16 1 4217
10 1 4218
1 0 4219
26 0 4220
3 1 4221
17 0 4222
20 1 4223
6 0 4224
4 1 4225
5 1 4226
11 1 4227
14 1 4228
1 0 4229
29 0 4230
4 1 4231
20 0 4232
8 1 4233
12 0 4234
6 1 4235
8 0 4236
6 1 4237
12 0 4238
23 0 4239
26 1 4240
8 0 4241
19 1 4242
28 0 4243
11 0 4244
21 1 4245
6 1 4246
1 1 4247
25 1 4248
25 0 4249
25 0 4250
19 1 4251
10 1 4252
29 0 4253
29 0 4254
29 1 4255
16 0 4256
7 0 4257
27 0 4258
28 1 4259
22 1 4260
27 0 4261
6 1 4262
25 0 4263
3 0 4264
10 1 4265
29 1 4266
19 1 4267
24 0 4268
25 1 4269
4 0 4270
22 1 4271
25 1 4272
9 0 4273
22 0 4274
26 0 4275
19 1 4276
24 1 4277
13 0 4278
9 1 4279
4 0 4280
19 1 4281
9 0 4282
19 0 4283
24 0 4284
27 1 4285
20 1 4286
12 1 4287
13 0 4288
16 1 4289
17 1 4290
27 0 4291
20 0 4292
7 1 4293
26 0 4294
19 0 4295
12 1 4296
5 0 4297
10 1 4298
13 1 4299
12 1 4300
22 0 4301
16 1 4302
14 1 4303
10 0 4304
15 0 4305
24 0 4306
9 1 4307
26 0 4308
25 1 4309
28 0 4310
15 0 4311
2 1 4312
25 0 4313
8 0 4314
21 1 4315
11 1 4316
18 1 4317
11 0 4318
9 1 4319
3 0 4320
10 1 4321
6 0 4322
10 0 4323
5 1 4324
26 0 4325
18 1 4326
15 1 4327
0 0 4328
0 0 4329
0 1 4330
23 1 4331
15 0 4332
5 0 4333
7 1 4334
19 0 4335
6 1 4336
12 0 4337
21 1 4338
5 1 4339
3 0 4340
29 0 4341
17 0 4342
7 1 4343
29 1 4344
5 0 4345
23 1 4346
16 0 4347
18 1 4348
0 1 4349
14 0 4350
4 0 4351
2 1 4352
12 1 4353
25 0 4354
29 1 4355
19 0 4356
29 0 4357
9 1 4358
24 0 4359
14 1 4360
24 1 4361
27 1 4362
18 0 4363
27 0 4364
2 1 4365
9 0 4366
17 1 4367
5 1 4368
17 0 4369
27 1 4370
23 0 4371
26 1 4372
6 0 4373
7 0 4374
25 1 4375
2 0 4376
9 1 4377
13 0 4378
15 0 4379
19 1 4380
7 0 4381
5 1 4382
17 0 4383
23 1 4384
0 0 4385
13 1 4386
15 0 4387
9 1 4388
0 1 4389
10 1 4390
12 0 4391
19 0 4392
21 0 4393
9 1 4394
19 0 4395
2 1 4396
2 1 4397
29 0 4398
17 1 4399
16 0 4400
18 0 4401
15 1 4402
15 1 4403
5 0 4404
25 0 4405
23 0 4406
8 1 4407
22 1 4408
11 1 4409
18 0 4410
2 1 4411
12 0 4412
29 0 4413
13 1 4414
0 0 4415
23 1 4416
21 0 4417
29 1 4418
8 1 4419
6 0 4420
11 1 4421
26 1 4422
24 0 4423
26 0 4424
19 1 4425
9 0 4426
25 1 4427
8 1 4428
12 0 4429
5 0 4430
2 0 4431
4 1 4432
25 0 4433
0 1 4434
19 0 4435
8 1 4436
29 1 4437
11 0 4438
4 0 4439
22 1 4440
16 1 4441
10 0 4442
18 1 4443
21 0 4444
5 0 4445
11 0 4446
1 1 4447
9 1 4448
29 1 4449
5 0 4450
18 0 4451
8 1 4452
1 1 4453
16 0 4454
24 1 4455
28 1 4456
13 0 4457
19 0 4458
25 1 4459
28 0 4460
14 0 4461
21 1 4462
10 1 4463
6 0 4464
26 0 4465
10 0 4466
13 0 4467
15 1 4468
8 0 4469
9 0 4470
21 1 4471
23 1 4472
25 1 4473
7 1 4474
22 0 4475
7 1 4476
28 1 4477
0 0 4478
26 1 4479
8 0 4480
8 0 4481
27 1 4482
4 1 4483
28 0 4484
0 1 4485
14 1 4486
26 0 4487
26 0 4488
13 0 4489
19 1 4490
25 1 4491
2 1 4492
1 1 4493
10 1 4494
0 0 4495
17 0 4496
14 0 4497
7 1 4498
4 0 4499
21 0 4500
5 0 4501
22 1 4502
9 1 4503
2 1 4504
10 0 4505
21 0 4506
21 1 4507
8 0 4508
20 1 4509
7 0 4510
23 1 4511
2 0 4512
21 0 4513
26 1 4514
26 1 4515
14 0 4516
19 1 4517
13 0 4518
12 1 4519
12 0 4520
22 0 4521
28 1 4522
28 1 4523
28 0 4524
9 1 4525
23 0 4526
15 1 4527
6 0 4528
28 1 4529
10 0 4530
15 1 4531
21 0 4532
17 0 4533
22 0 4534
20 1 4535
5 1 4536
5 1 4537
28 0 4538
28 0 4539
24 0 4540
9 0 4541
15 1 4542
16 1 4543
25 0 4544
18 1 4545
20 1 4546
17 1 4547
19 0 4548
6 0 4549
3 1 4550
7 0 4551
8 1 4552
16 0 4553
4 1 4554
29 0 4555
22 1 4556
6 1 4557
2 0 4558
16 1 4559
16 0 4560
4 1 4561
17 0 4562
24 1 4563
21 0 4564
18 1 4565
23 0 4566
9 1 4567
13 0 4568
1 1 4569
4 0 4570
19 0 4571
25 0 4572
18 0 4573
20 1 4574
10 1 4575
9 1 4576
6 0 4577
12 1 4578
12 0 4579
4 1 4580
1 0 4581
25 0 4582
20 1 4583
24 1 4584
8 1 4585
22 0 4586
14 1 4587
21 0 4588
5 0 4589
20 1 4590
14 1 4591
27 0 4592
29 0 4593
5 1 4594
5 1 4595
21 0 4596
26 1 4597
5 0 4598
25 1 4599
0 0 4600
10 0 4601
16 1 4602
9 0 4603
3 1 4604
3 1 4605
8 1 4606
26 0 4607
21 1 4608
8 0 4609
24 0 4610
20 1 4611
21 0 4612
4 0 4613
3 1 4614
4 1 4615
5 0 4616
9 1 4617
16 0 4618
12 1 4619
18 0 4620
15 0 4621
12 0 4622
19 1 4623
5 1 4624
29 1 4625
9 0 4626
25 0 4627
12 1 4628
22 1 4629
12 0 4630
23 0 4631
3 1 4632
21 1 4633
1 0 4634
1 0 4635
3 1 4636
14 0 4637
12 1 4638
12 1 4639
19 0 4640
0 0 4641
29 1 4642
25 1 4643
14 0 4644
20 1 4645
5 1 4646
25 0 4647
20 0 4648
8 0 4649
20 1 4650
3 0 4651
0 1 4652
12 0 4653
24 1 4654
0 0 4655
7 1 4656
15 0 4657
7 1 4658
4 0 4659
25 1 4660
19 1 4661
15 1 4662
17 0 4663
26 0 4664
24 1 4665
20 0 4666
8 1 4667
19 0 4668
26 1 4669
8 0 4670
17 0 4671
22 1 4672
0 0 4673
6 1 4674
6 0 4675
24 0 4676
5 1 4677
13 1 4678
17 1 4679
5 0 4680
23 0 4681
18 1 4682
18 0 4683
15 0 4684
10 1 4685
15 1 4686
28 1 4687
4 1 4688
24 0 4689
28 0 4690
17 0 4691
14 1 4692
14 0 4693
20 1 4694
22 1 4695
23 0 4696
7 1 4697
7 0 4698
16 1 4699
26 0 4700
10 0 4701
11 1 4702
25 1 4703
23 1 4704
20 0 4705
22 0 4706
1 0 4707
7 1 4708
9 1 4709
15 0 4710
15 0 4711
26 0 4712
8 1 4713
29 1 4714
9 1 4715
20 0 4716
16 0 4717
11 1 4718
22 0 4719
25 1 4720
17 0 4721
1 1 4722
7 1 4723
29 1 4724
29 1 4725
12 0 4726
2 0 4727
21 0 4728
5 1 4729
13 0 4730
25 1 4731
29 0 4732
16 1 4733
9 0 4734
4 0 4735
12 1 4736
9 0 4737
24 1 4738
23 0 4739
10 0 4740
8 1 4741
10 1 4742
12 0 4743
28 1 4744
11 0 4745
4 0 4746
26 1 4747
8 0 4748
2 1 4749
19 1 4750
6 1 4751
0 0 4752
22 0 4753
21 1 4754
26 1 4755
15 0 4756
28 0 4757
4 1 4758
0 0 4759
6 0 4760
7 0 4761
23 0 4762
26 0 4763
11 0 4764
20 1 4765
7 1 4766
11 1 4767
10 1 4768
13 1 4769
11 0 4770
24 1 4771
28 1 4772
10 0 4773
10 1 4774
6 1 4775
29 0 4776
3 0 4777
29 1 4778
23 1 4779
19 1 4780
4 0 4781
5 0 4782
13 1 4783
24 1 4784
13 0 4785
5 0 4786
29 0 4787
17 1 4788
29 0 4789
19 1 4790
3 0 4791
1 1 4792
29 0 4793
1 0 4794
5 1 4795
0 1 4796
16 0 4797
26 1 4798
28 1 4799
1 0 4800
6 0 4801
16 1 4802
16 0 4803
21 0 4804
11 1 4805
24 0 4806
18 1 4807
19 1 4808
20 0 4809
16 1 4810
26 1 4811
9 0 4812
16 0 4813
21 0 4814
20 1 4815
27 1 4816
28 0 4817
17 0 4818
16 1 4819
20 1 4820
23 1 4821
28 0 4822
27 0 4823
18 1 4824
10 0 4825
14 1 4826
26 1 4827
16 0 4828
14 1 4829
11 0 4830
29 1 4831
21 1 4832
27 0 4833
29 0 4834
29 1 4835
20 0 4836
3 1 4837
1 0 4838
0 0 4839
9 1 4840
7 1 4841
10 0 4842
24 0 4843
12 1 4844
13 1 4845
0 1 4846
24 0 4847
27 0 4848
4 1 4849
13 0 4850
5 1 4851
26 1 4852
9 0 4853
4 1 4854
9 0 4855
12 0 4856
10 1 4857
2 0 4858
10 0 4859
16 1 4860
25 1 4861
0 0 4862
4 1 4863
4 1 4864
29 0 4865
13 0 4866
26 1 4867
26 0 4868
25 1 4869
2 0 4870
19 0 4871
8 1 4872
1 1 4873
15 1 4874
0 0 4875
23 0 4876
13 0 4877
6 1 4878
19 0 4879
8 1 4880
14 0 4881
13 1 4882
1 0 4883
24 1 4884
19 1 4885
5 0 4886
4 1 4887
20 1 4888
29 0 4889
1 0 4890
21 0 4891
5 1 4892
12 1 4893
20 0 4894
0 0 4895
2 0 4896
10 0 4897
14 1 4898
14 1 4899
27 1 4900
5 1 4901
23 0 4902
6 1 4903
20 0 4904
21 1 4905
2 1 4906
25 1 4907
4 0 4908
12 0 4909
26 0 4910
20 0 4911
15 0 4912
25 0 4913
22 1 4914
29 1 4915
26 1 4916
25 0 4917
24 1 4918
26 0 4919
23 1 4920
23 1 4921
16 0 4922
12 1 4923
26 0 4924
23 1 4925
5 0 4926
4 0 4927
13 1 4928
25 1 4929
26 0 4930
24 1 4931
26 0 4932
29 1 4933
26 1 4934
27 0 4935
19 0 4936
2 0 4937
28 1 4938
22 0 4939
11 1 4940
4 1 4941
9 0 4942
17 1 4943
23 0 4944
0 1 4945
0 0 4946
25 0 4947
17 1 4948
8 1 4949
25 0 4950
5 0 4951
13 1 4952
28 0 4953
21 1 4954
1 1 4955
11 0 4956
7 0 4957
15 1 4958
14 1 4959
5 1 4960
7 0 4961
5 0 4962
24 0 4963
1 1 4964
24 1 4965
17 0 4966
1 1 4967
3 1 4968
18 0 4969
0 1 4970
29 0 4971
4 1 4972
26 0 4973
0 0 4974
8 0 4975
3 1 4976
26 1 4977
9 0 4978
21 1 4979
6 0 4980
29 1 4981
15 0 4982
9 0 4983
29 1 4984
3 1 4985
7 1 4986
5 0 4987
25 0 4988
29 0 4989
21 0 4990
17 1 4991
10 1 4992
6 0 4993
14 1 4994
26 0 4995
12 1 4996
26 0 4997
25 1 4998
2 0 4999
18 1 5000
13 0 5001
6 1 5002
5 1 5003
21 0 5004
20 0 5005
11 1 5006
12 0 5007
29 1 5008
22 1 5009
9 0 5010
3 0 5011
20 1 5012
9 0 5013
9 0 5014
21 0 5015
15 1 5016
9 1 5017
19 1 5018
11 0 5019
13 0 5020
12 1 5021
29 1 5022
23 1 5023
13 0 5024
21 0 5025
7 0 5026
26 1 5027
16 1 5028
1 1 5029
22 0 5030
2 1 5031
22 1 5032
3 0 5033
7 0 5034
6 1 5035
24 0 5036
23 0 5037
9 1 5038
16 1 5039
19 0 5040
10 1 5041
6 0 5042
1 0 5043
6 1 5044
26 0 5045
23 1 5046
23 0 5047
7 1 5048
10 1 5049
29 0 5050
24 0 5051
29 1 5052
22 1 5053
27 0 5054
15 1 5055
20 0 5056
4 0 5057
3 1 5058
12 1 5059
25 0 5060
21 1 5061
29 1 5062
12 0 5063
13 0 5064
8 0 5065
19 1 5066
8 0 5067
9 1 5068
29 1 5069
1 0 5070
8 0 5071
23 1 5072
14 1 5073
22 1 5074
27 1 5075
13 0 5076
23 0 5077
16 0 5078
14 0 5079
20 1 5080
18 1 5081
4 0 5082
14 0 5083
19 0 5084
14 1 5085
0 1 5086
15 0 5087
22 1 5088
7 1 5089
10 1 5090
25 0 5091
19 0 5092
18 0 5093
0 1 5094
21 0 5095
27 1 5096
21 0 5097
3 0 5098
29 0 5099
29 1 5100
21 1 5101
20 0 5102
18 1 5103
2 1 5104
26 1 5105
0 0 5106
21 0 5107
22 0 5108
28 1 5109
2 1 5110
5 1 5111
5 0 5112
5 1 5113
10 0 5114
24 0 5115
7 1 5116
15 0 5117
29 1 5118
22 0 5119
25 0 5120
26 1 5121
0 1 5122
22 1 5123
20 0 5124
9 1 5125
2 1 5126
9 0 5127
9 0 5128
7 1 5129
10 0 5130
6 0 5131
24 1 5132
10 0 5133
3 1 5134
19 1 5135
18 0 5136
23 1 5137
2 1 5138
2 1 5139
22 0 5140
8 0 5141
28 0 5142
0 0 5143
1 1 5144
17 0 5145
28 1 5146
17 0 5147
8 1 5148
13 0 5149
29 1 5150
8 0 5151
2 1 5152
12 0 5153
23 1 5154
27 1 5155
2 0 5156
16 1 5157
22 0 5158
5 1 5159
8 0 5160
14 0 5161
0 1 5162
12 0 5163
2 1 5164
6 1 5165
29 0 5166
29 1 5167
26 0 5168
13 1 5169
13 0 5170
22 1 5171
10 0 5172
12 1 5173
15 0 5174
17 1 5175
6 0 5176
3 0 5177
28 1 5178
23 0 5179
29 1 5180
28 1 5181
20 0 5182
6 1 5183
5 0 5184
13 1 5185
14 0 5186
29 1 5187
21 0 5188
3 1 5189
7 1 5190
15 0 5191
1 1 5192
22 1 5193
23 0 5194
0 0 5195
23 0 5196
2 0 5197
27 1 5198
5 0 5199
2 1 5200
0 0 5201
6 0 5202
9 0 5203
28 1 5204
25 1 5205
22 0 5206
13 1 5207
17 1 5208
12 0 5209
20 1 5210
26 0 5211
14 1 5212
17 0 5213
28 1 5214
19 0 5215
11 1 5216
4 0 5217
2 0 5218
19 1 5219
28 1 5220
6 0 5221
29 0 5222
14 1 5223
17 1 5224
4 0 5225
25 1 5226
4 0 5227
22 0 5228
28 1 5229
14 1 5230
5 0 5231
1 0 5232
5 1 5233
18 1 5234
27 0 5235
5 0 5236
7 1 5237
7 1 5238
28 1 5239
2 0 5240
20 0 5241
17 1 5242
13 1 5243
10 1 5244
3 1 5245
9 0 5246
11 0 5247
9 0 5248
19 0 5249
13 1 5250
2 0 5251
27 0 5252
15 1 5253
29 1 5254
7 0 5255
0 1 5256
23 1 5257
0 0 5258
15 0 5259
14 0 5260
3 1 5261
20 1 5262
20 0 5263
9 1 5264
22 0 5265
16 0 5266
24 0 5267
16 1 5268
17 1 5269
29 0 5270
22 1 5271
14 1 5272
15 1 5273
2 0 5274
21 1 5275
9 0 5276
22 1 5277
7 0 5278
17 0 5279
20 1 5280
10 0 5281
17 1 5282
1 0 5283
21 1 5284
9 0 5285
15 0 5286
19 1 5287
16 1 5288
5 1 5289
13 0 5290
28 1 5291
7 0 5292
14 1 5293
12 1 5294
21 0 5295
18 0 5296
25 0 5297
28 1 5298
10 1 5299
18 0 5300
25 0 5301
8 1 5302
13 0 5303
0 1 5304
14 1 5305
22 0 5306
19 0 5307
27 1 5308
17 0 5309
0 0 5310
28 1 5311
8 0 5312
29 1 5313
20 1 5314
18 1 5315
23 1 5316
21 0 5317
10 0 5318
28 0 5319
22 1 5320
29 0 5321
23 1 5322
10 1 5323
20 1 5324
27 0 5325
22 0 5326
28 0 5327
6 1 5328
24 0 5329
22 1 5330
16 0 5331
16 0 5332
29 0 5333
6 0 5334
16 1 5335
23 1 5336
25 1 5337
26 1 5338
23 0 5339
25 0 5340
21 1 5341
16 1 5342
26 0 5343
28 1 5344
17 0 5345
17 0 5346
17 1 5347
7 1 5348
27 1 5349
23 0 5350
1 1 5351
26 1 5352
14 0 5353
14 1 5354
10 0 5355
19 0 5356
28 1 5357
22 0 5358
13 0 5359
28 1 5360
12 1 5361
1 0 5362
22 1 5363
18 0 5364
12 0 5365
29 1 5366
2 0 5367
4 1 5368
9 1 5369
10 1 5370
26 0 5371
14 1 5372
29 0 5373
0 1 5374
25 0 5375
8 1 5376
21 0 5377
27 0 5378
23 0 5379
7 0 5380
4 1 5381
25 1 5382
26 1 5383
0 0 5384
5 1 5385
7 1 5386
26 0 5387
17 0 5388
16 0 5389
2 0 5390
24 1 5391
2 0 5392
5 1 5393
28 1 5394
13 0 5395
9 0 5396
23 1 5397
20 1 5398
8 1 5399
23 0 5400
3 0 5401
14 1 5402
9 1 5403
17 0 5404
10 1 5405
7 1 5406
18 0 5407
24 0 5408
28 1 5409
23 0 5410
29 1 5411
12 0 5412
4 1 5413
0 1 5414
22 0 5415
14 0 5416
10 0 5417
11 1 5418
29 0 5419
22 1 5420
23 0 5421
28 1 5422
11 1 5423
7 0 5424
11 0 5425
14 1 5426
0 0 5427
23 0 5428
15 1 5429
16 0 5430
10 1 5431
23 0 5432
9 0 5433
12 1 5434
12 1 5435
17 1 5436
28 1 5437
12 0 5438
3 0 5439
19 1 5440
8 1 5441
29 0 5442
17 1 5443
12 0 5444
18 1 5445
11 1 5446
23 0 5447
8 1 5448
15 0 5449
28 0 5450
11 0 5451
28 1 5452
19 1 5453
17 0 5454
28 0 5455
25 1 5456
27 1 5457
19 1 5458
10 0 5459
10 0 5460
23 1 5461
19 0 5462
2 0 5463
7 1 5464
17 1 5465
29 1 5466
25 0 5467
27 0 5468
7 0 5469
4 1 5470
3 0 5471
7 1 5472
6 1 5473
8 0 5474
19 1 5475
20 0 5476
11 0 5477
15 1 5478
26 1 5479
29 0 5480
16 0 5481
25 1 5482
11 1 5483
22 1 5484
18 0 5485
27 0 5486
24 1 5487
9 0 5488
6 0 5489
0 1 5490
23 0 5491
24 1 5492
26 0 5493
4 1 5494
29 1 5495
3 1 5496
11 0 5497
15 0 5498
14 1 5499
4 0 5500
24 0 5501
18 1 5502
5 1 5503
2 0 5504
4 0 5505
29 0 5506
11 1 5507
27 1 5508
23 1 5509
14 0 5510
13 1 5511
1 0 5512
22 1 5513
19 0 5514
23 0 5515
4 1 5516
1 0 5517
5 1 5518
28 0 5519
1 1 5520
14 1 5521
14 0 5522
28 1 5523
0 0 5524
3 1 5525
5 0 5526
4 1 5527
5 1 5528
23 0 5529
5 0 5530
19 1 5531
5 0 5532
16 1 5533
14 0 5534
24 0 5535
14 1 5536
26 1 5537
23 1 5538
28 0 5539
6 1 5540
11 0 5541
18 0 5542
6 0 5543
10 1 5544
19 1 5545
19 0 5546
5 0 5547
29 1 5548
8 0 5549
15 1 5550
7 0 5551
8 1 5552
10 0 5553
22 1 5554
7 0 5555
3 1 5556
14 0 5557
4 1 5558
18 1 5559
26 1 5560
8 0 5561
16 0 5562
5 1 5563
5 1 5564
2 1 5565
17 0 5566
5 0 5567
13 0 5568
24 1 5569
15 0 5570
17 0 5571
1 0 5572
28 0 5573
0 1 5574
26 1 5575
19 0 5576
26 1 5577
7 0 5578
0 1 5579
16 1 5580
27 0 5581
8 1 5582
0 0 5583
10 1 5584
10 0 5585
2 1 5586
23 0 5587
23 1 5588
14 1 5589
2 0 5590
24 0 5591
2 1 5592
4 1 5593
19 0 5594
3 1 5595
5 1 5596
7 0 5597
23 1 5598
8 0 5599
3 0 5600
2 0 5601
5 1 5602
1 1 5603
2 0 5604
19 0 5605
6 1 5606
26 0 5607
12 1 5608
26 0 5609
14 0 5610
4 1 5611
26 1 5612
16 0 5613
21 1 5614
24 1 5615
22 0 5616
25 0 5617
0 0 5618
25 1 5619
16 1 5620
12 1 5621
21 0 5622
5 0 5623
13 1 5624
6 1 5625
7 1 5626
8 0 5627
24 0 5628
1 1 5629
20 0 5630
11 1 5631
19 1 5632
12 0 5633
1 0 5634
16 0 5635
9 1 5636
27 0 5637
7 1 5638
1 0 5639
1 1 5640
17 1 5641
25 0 5642
9 1 5643
20 0 5644
8 0 5645
7 1 5646
25 0 5647
20 1 5648
3 1 5649
12 0 5650
13 0 5651
15 1 5652
12 1 5653
29 0 5654
10 1 5655
10 0 5656
14 0 5657
13 1 5658
1 0 5659
18 0 5660
20 1 5661
4 1 5662
13 0 5663
23 1 5664
29 0 5665
0 1 5666
6 0 5667
28 1 5668
6 0 5669
9 1 5670
4 0 5671
0 0 5672
18 1 5673
9 1 5674
24 1 5675
18 0 5676
11 1 5677
11 0 5678
7 0 5679
8 1 5680
6 1 5681
12 0 5682
22 0 5683
5 0 5684
0 1 5685
16 1 5686
2 1 5687
4 0 5688
16 1 5689
7 0 5690
16 0 5691
17 1 5692
8 1 5693
17 0 5694
0 0 5695
8 1 5696
15 1 5697
8 0 5698
29 1 5699
20 0 5700
23 0 5701
25 1 5702
14 0 5703
10 1 5704
18 1 5705
12 1 5706
24 0 5707
16 0 5708
26 1 5709
11 0 5710
0 1 5711
19 0 5712
6 1 5713
17 1 5714
28 0 5715
15 0 5716
3 0 5717
10 1 5718
8 1 5719
10 0 5720
15 0 5721
5 1 5722
9 0 5723
3 1 5724
10 0 5725
7 1 5726
25 0 5727
6 0 5728
12 1 5729
17 1 5730
28 0 5731
0 1 5732
14 1 5733
28 0 5734
23 0 5735
8 1 5736
0 0 5737
27 1 5738
28 0 5739
16 1 5740
9 1 5741
25 0 5742
20 0 5743
2 1 5744
20 0 5745
6 1 5746
15 1 5747
25 1 5748
22 1 5749
26 0 5750
14 0 5751
26 0 5752
2 0 5753
11 1 5754
24 1 5755
1 1 5756
1 0 5757
22 0 5758
3 1 5759
4 1 5760
3 0 5761
11 0 5762
16 1 5763
9 0 5764
22 0 5765
2 1 5766
10 1 5767
3 1 5768
23 0 5769
0 0 5770
6 0 5771
24 0 5772
15 1 5773
5 1 5774
11 1 5775
18 0 5776
26 1 5777
11 0 5778
22 0 5779
29 1 5780
24 1 5781
9 0 5782
26 1 5783
0 1 5784
8 0 5785
10 0 5786
15 0 5787
26 1 5788
8 0 5789
6 1 5790
2 0 5791
15 1 5792
22 0 5793
17 1 5794
9 0 5795
12 0 5796
22 1 5797
9 0 5798
3 1 5799
0 1 5800
25 0 5801
0 1 5802
3 0 5803
16 1 5804
26 0 5805
6 0 5806
21 1 5807
5 1 5808
13 1 5809
3 0 5810
7 0 5811
14 1 5812
0 0 5813
28 1 5814
15 0 5815
11 1 5816
6 0 5817
3 1 5818
8 0 5819
4 1 5820
24 0 5821
11 1 5822
2 0 5823
3 1 5824
28 0 5825
7 0 5826
13 0 5827
20 1 5828
5 0 5829
11 1 5830
6 1 5831
17 0 5832
24 1 5833
10 1 5834
17 1 5835
16 0 5836
5 0 5837
8 1 5838
6 1 5839
2 1 5840
26 0 5841
24 0 5842
9 1 5843
6 0 5844
14 0 5845
6 0 5846
23 0 5847
28 1 5848
18 1 5849
0 0 5850
7 1 5851
15 1 5852
20 0 5853
29 1 5854
5 1 5855
7 1 5856
29 0 5857
21 0 5858
4 0 5859
23 1 5860
16 0 5861
14 1 5862
11 1 5863
14 0 5864
22 1 5865
2 1 5866
1 1 5867
2 1 5868
22 0 5869
7 0 5870
16 0 5871
26 0 5872
15 1 5873
13 1 5874
17 0 5875
22 0 5876
11 1 5877
1 0 5878
29 0 5879
7 0 5880
3 1 5881
18 0 5882
10 1 5883
15 1 5884
26 0 5885
4 1 5886
9 0 5887
26 1 5888
25 1 5889
3 0 5890
10 1 5891
29 0 5892
16 1 5893
0 1 5894
4 0 5895
12 0 5896
4 0 5897
3 1 5898
20 1 5899
28 0 5900
5 1 5901
25 1 5902
4 0 5903
0 0 5904
7 1 5905
23 0 5906
15 0 5907
26 1 5908
28 1 5909
16 0 5910
23 0 5911
8 1 5912
0 0 5913
8 1 5914
16 1 5915
27 0 5916
8 1 5917
14 0 5918
15 0 5919
24 1 5920
14 0 5921
12 1 5922
29 0 5923
6 1 5924
2 1 5925
13 0 5926
27 1 5927
6 0 5928
20 1 5929
20 0 5930
8 0 5931
22 1 5932
14 1 5933
2 0 5934
10 1 5935
11 0 5936
16 0 5937
5 0 5938
12 1 5939
23 1 5940
21 1 5941
15 0 5942
26 1 5943
28 0 5944
21 1 5945
29 0 5946
24 1 5947
12 0 5948
4 0 5949
19 1 5950
19 1 5951
17 1 5952
7 0 5953
2 0 5954
27 1 5955
14 0 5956
22 1 5957
24 0 5958
28 0 5959
3 1 5960
21 0 5961
25 1 5962
10 1 5963
25 0 5964
7 0 5965
27 1 5966
24 1 5967
9 1 5968
26 0 5969
26 0 5970
22 0 5971
29 0 5972
21 0 5973
9 1 5974
0 1 5975
0 0 5976
16 1 5977
27 0 5978
19 0 5979
7 1 5980
26 0 5981
19 0 5982
0 1 5983
0 1 5984
28 1 5985
3 1 5986
7 1 5987
11 0 5988
2 1 5989
8 0 5990
14 0 5991
13 1 5992
9 0 5993
4 0 5994
29 1 5995
3 1 5996
15 0 5997
0 1 5998
2 1 5999
2 0 6000
9 0 6001
19 1 6002
25 0 6003
20 1 6004
21 1 6005
29 1 6006
4 0 6007
20 0 6008
28 1 6009
14 1 6010
28 0 6011
27 1 6012
8 1 6013
2 0 6014
20 0 6015
22 0 6016
13 1 6017
29 0 6018
14 1 6019
8 0 6020
19 1 6021
1 1 6022
16 0 6023
18 1 6024
13 0 6025
5 0 6026
10 1 6027
4 0 6028
18 0 6029
3 1 6030
4 0 6031
12 0 6032
0 1 6033
29 1 6034
14 0 6035
16 1 6036
26 0 6037
21 1 6038
0 1 6039
11 0 6040
20 0 6041
10 1 6042
27 0 6043
12 1 6044
0 0 6045
8 1 6046
12 0 6047
18 1 6048
13 0 6049
1 1 6050
20 0 6051
0 0 6052
17 1 6053
24 0 6054
2 1 6055
6 1 6056
7 0 6057
21 1 6058
16 0 6059
23 1 6060
17 1 6061
2 0 6062
24 0 6063
16 1 6064
28 0 6065
21 1 6066
25 0 6067
11 0 6068
15 1 6069
19 0 6070
10 1 6071
8 1 6072
15 0 6073
10 0 6074
12 1 6075
14 0 6076
18 0 6077
9 1 6078
10 1 6079
23 1 6080
18 1 6081
6 0 6082
1 0 6083
3 1 6084
2 0 6085
9 1 6086
5 1 6087
27 1 6088
23 0 6089
9 0 6090
11 0 6091
16 1 6092
14 0 6093
7 0 6094
7 1 6095
8 0 6096
20 1 6097
29 0 6098
10 1 6099
3 1 6100
8 0 6101
10 0 6102
12 1 6103
15 1 6104
0 0 6105
20 1 6106
21 0 6107
23 1 6108
16 0 6109
3 1 6110
9 1 6111
12 1 6112
17 0 6113
1 1 6114
25 0 6115
2 0 6116
25 1 6117
11 1 6118
0 0 6119
8 0 6120
25 0 6121
11 1 6122
17 1 6123
12 0 6124
7 0 6125
0 1 6126
18 1 6127
20 0 6128
9 0 6129
28 1 6130
8 1 6131
20 0 6132
23 0 6133
12 1 6134
4 1 6135
0 0 6136
20 1 6137
18 0 6138
18 1 6139
11 0 6140
28 0 6141
13 1 6142
17 1 6143
4 0 6144
5 0 6145
1 1 6146
25 1 6147
11 1 6148
27 0 6149
9 0 6150
8 0 6151
3 1 6152
1 1 6153
15 0 6154
6 1 6155
29 0 6156
25 1 6157
25 0 6158
0 0 6159
15 1 6160
25 0 6161
5 0 6162
1 0 6163
11 1 6164
12 1 6165
1 0 6166
24 1 6167
19 1 6168
10 1 6169
25 0 6170
15 1 6171
12 0 6172
11 0 6173
22 1 6174
21 1 6175
22 0 6176
15 1 6177
10 0 6178
24 0 6179
6 1 6180
22 1 6181
4 0 6182
23 0 6183
22 1 6184
19 0 6185
16 0 6186
7 1 6187
5 1 6188
6 1 6189
0 1 6190
14 0 6191
5 0 6192
23 1 6193
19 0 6194
0 0 6195
11 0 6196
19 1 6197
3 0 6198
27 1 6199
27 0 6200
22 1 6201
12 1 6202
18 0 6203
10 1 6204
20 1 6205
27 0 6206
29 0 6207
0 1 6208
29 1 6209
25 0 6210
3 0 6211
11 0 6212
29 1 6213
3 0 6214
6 1 6215
1 0 6216
19 1 6217
13 1 6218
1 0 6219
24 1 6220
16 1 6221
10 1 6222
19 0 6223
8 1 6224
19 0 6225
17 1 6226
8 0 6227
28 0 6228
21 1 6229
2 1 6230
18 0 6231
16 0 6232
2 0 6233
28 0 6234
22 1 6235
22 1 6236
14 1 6237
12 0 6238
3 0 6239
13 1 6240
28 0 6241
2 1 6242
19 1 6243
28 0 6244
0 0 6245
12 1 6246
23 0 6247
25 1 6248
12 0 6249
22 1 6250
9 1 6251
18 1 6252
18 0 6253
20 0 6254
19 1 6255
6 1 6256
13 0 6257
2 0 6258
3 0 6259
20 1 6260
10 1 6261
23 0 6262
29 1 6263
3 0 6264
19 1 6265
8 0 6266
17 1 6267
9 0 6268
23 1 6269
6 1 6270
13 1 6271
23 0 6272
12 0 6273
12 0 6274
5 1 6275
19 0 6276
6 0 6277
20 1 6278
6 1 6279
14 0 6280
14 1 6281
8 0 6282
5 0 6283
28 1 6284
23 1 6285
19 0 6286
20 0 6287
18 1 6288
24 0 6289
10 0 6290
13 1 6291
6 1 6292
20 0 6293
26 1 6294
20 1 6295
23 0 6296
21 0 6297
9 1 6298
17 1 6299
29 1 6300
26 0 6301
9 1 6302
13 0 6303
25 0 6304
21 0 6305
28 0 6306
3 0 6307
9 1 6308
20 0 6309
10 1 6310
8 1 6311
27 1 6312
3 0 6313
18 1 6314
9 1 6315
8 0 6316
15 0 6317
9 0 6318
28 1 6319
21 0 6320
19 1 6321
27 1 6322
22 1 6323
17 0 6324
13 0 6325
27 1 6326
2 1 6327
28 0 6328
7 0 6329
14 0 6330
11 1 6331
16 1 6332
12 1 6333
13 0 6334
15 0 6335
5 1 6336
13 0 6337
1 1 6338
19 0 6339
16 1 6340
4 1 6341
5 0 6342
11 0 6343
20 1 6344
11 1 6345
1 0 6346
2 0 6347
7 0 6348
26 1 6349
18 1 6350
4 0 6351
1 1 6352
16 0 6353
21 0 6354
23 1 6355
5 0 6356
15 1 6357
27 1 6358
20 0 6359
0 1 6360
26 0 6361
25 1 6362
19 1 6363
23 1 6364
10 0 6365
18 0 6366
23 0 6367
9 1 6368
26 1 6369
29 0 6370
5 1 6371
5 0 6372
21 1 6373
3 0 6374
28 1 6375
25 1 6376
20 0 6377
22 0 6378
16 0 6379
0 1 6380
5 0 6381
3 0 6382
14 1 6383
20 1 6384
0 0 6385
5 0 6386
11 1 6387
4 1 6388
21 0 6389
13 1 6390
7 1 6391
1 0 6392
0 0 6393
24 1 6394
6 1 6395
6 0 6396
4 0 6397
9 1 6398
9 0 6399
1 1 6400
13 1 6401
5 0 6402
16 1 6403
25 0 6404
20 1 6405
27 0 6406
6 1 6407
14 1 6408
13 0 6409
16 0 6410
18 1 6411
6 0 6412
23 1 6413
6 0 6414
18 1 6415
1 0 6416
15 0 6417
19 0 6418
21 0 6419
27 1 6420
22 1 6421
20 1 6422
3 1 6423
17 1 6424
7 0 6425
24 0 6426
5 0 6427
10 1 6428
22 0 6429
23 1 6430
11 0 6431
10 1 6432
6 0 6433
14 1 6434
23 1 6435
18 0 6436
16 1 6437
1 1 6438
25 0 6439
18 0 6440
15 0 6441
23 1 6442
12 1 6443
20 1 6444
18 0 6445
12 0 6446
0 1 6447
7 0 6448
0 0 6449
3 1 6450
10 0 6451
14 1 6452
16 1 6453
3 0 6454
27 0 6455
20 1 6456
29 1 6457
9 1 6458
6 0 6459
23 0 6460
17 0 6461
28 1 6462
26 1 6463
11 0 6464
23 1 6465
9 1 6466
6 1 6467
6 0 6468
29 0 6469
7 1 6470
5 0 6471
1 0 6472
12 1 6473
13 1 6474
13 0 6475
18 1 6476
24 1 6477
22 0 6478
20 0 6479
24 0 6480
27 0 6481
22 1 6482
17 0 6483
3 1 6484
1 1 6485
3 0 6486
5 0 6487
9 1 6488
20 0 6489
12 1 6490
19 0 6491
6 1 6492
19 1 6493
18 0 6494
19 0 6495
11 1 6496
8 1 6497
13 0 6498
9 0 6499
10 1 6500
26 1 6501
17 0 6502
23 0 6503
21 1 6504
29 1 6505
0 1 6506
7 0 6507
12 1 6508
26 0 6509
14 1 6510
17 1 6511
5 0 6512
11 1 6513
10 0 6514
24 1 6515
28 0 6516
23 0 6517
22 0 6518
9 1 6519
12 0 6520
11 1 6521
0 0 6522
17 1 6523
5 1 6524
28 0 6525
22 1 6526
17 0 6527
27 0 6528
5 1 6529
28 0 6530
21 0 6531
11 0 6532
1 0 6533
25 1 6534
21 1 6535
27 0 6536
24 1 6537
3 1 6538
8 0 6539
17 0 6540
19 1 6541
3 1 6542
5 0 6543
10 1 6544
16 1 6545
17 0 6546
5 0 6547
11 1 6548
2 1 6549
25 1 6550
27 0 6551
10 0 6552
27 1 6553
15 1 6554
9 0 6555
20 0 6556
9 1 6557
15 0 6558
4 1 6559
18 1 6560
28 0 6561
17 0 6562
26 1 6563
14 0 6564
5 0 6565
7 1 6566
15 1 6567
22 0 6568
7 1 6569
4 0 6570
6 1 6571
2 1 6572
24 1 6573
11 0 6574
17 0 6575
28 1 6576
19 0 6577
16 0 6578
29 0 6579
13 1 6580
22 0 6581
27 1 6582
20 1 6583
14 0 6584
20 1 6585
17 0 6586
21 1 6587
5 0 6588
22 1 6589
21 0 6590
2 0 6591
3 0 6592
28 1 6593
22 1 6594
22 0 6595
15 1 6596
25 1 6597
16 1 6598
5 0 6599
24 0 6600
10 0 6601
23 1 6602
10 0 6603
13 1 6604
3 0 6605
22 1 6606
6 0 6607
8 1 6608
27 1 6609
24 0 6610
24 1 6611
20 0 6612
29 0 6613
0 1 6614
7 0 6615
26 1 6616
16 1 6617
10 0 6618
14 0 6619
27 1 6620
12 1 6621
23 0 6622
6 0 6623
1 1 6624
19 1 6625
8 0 6626
11 0 6627
9 0 6628
7 0 6629
7 1 6630
9 1 6631
16 1 6632
19 1 6633
27 0 6634
19 1 6635
17 0 6636
27 0 6637
22 0 6638
26 0 6639
14 1 6640
20 1 6641
28 1 6642
23 1 6643
11 0 6644
19 1 6645
26 0 6646
6 0 6647
2 1 6648
9 1 6649
26 0 6650
24 0 6651
18 1 6652
23 0 6653
15 1 6654
10 1 6655
22 1 6656
19 0 6657
20 0 6658
2 0 6659
6 1 6660
22 0 6661
7 1 6662
17 1 6663
25 0 6664
13 1 6665
0 0 6666
27 0 6667
3 1 6668
29 0 6669
9 0 6670
16 1 6671
29 1 6672
13 0 6673
13 1 6674
27 1 6675
24 0 6676
12 1 6677
17 1 6678
27 0 6679
20 0 6680
2 1 6681
29 0 6682
7 1 6683
21 0 6684
16 1 6685
1 0 6686
3 0 6687
8 1 6688
23 1 6689
29 0 6690
14 1 6691
28 0 6692
14 1 6693
14 0 6694
23 0 6695
23 0 6696
14 1 6697
10 1 6698
9 0 6699
26 1 6700
16 0 6701
28 1 6702
6 0 6703
3 0 6704
16 1 6705
5 1 6706
21 1 6707
7 0 6708
21 0 6709
10 1 6710
26 0 6711
18 0 6712
26 1 6713
28 1 6714
14 1 6715
9 0 6716
15 1 6717
5 1 6718
18 0 6719
29 0 6720
9 0 6721
7 1 6722
23 1 6723
3 0 6724
8 1 6725
29 0 6726
16 1 6727
24 1 6728
24 0 6729
24 1 6730
17 0 6731
22 0 6732
25 1 6733
5 0 6734
6 0 6735
14 1 6736
22 0 6737
0 1 6738
27 0 6739
15 0 6740
13 1 6741
22 1 6742
1 1 6743
2 0 6744
25 0 6745
19 0 6746
4 1 6747
3 0 6748
9 0 6749
3 1 6750
1 1 6751
28 1 6752
6 1 6753
9 0 6754
6 0 6755
23 0 6756
15 1 6757
7 1 6758
21 1 6759
18 0 6760
28 1 6761
26 0 6762
9 1 6763
19 0 6764
27 1 6765
28 1 6766
6 0 6767
24 0 6768
10 1 6769
0 0 6770
15 1 6771
7 1 6772
5 0 6773
14 0 6774
27 1 6775
16 0 6776
26 1 6777
13 0 6778
16 1 6779
15 0 6780
6 1 6781
23 1 6782
18 1 6783
29 0 6784
12 0 6785
10 1 6786
9 0 6787
15 0 6788
14 1 6789
20 0 6790
13 1 6791
18 0 6792
14 1 6793
16 0 6794
6 1 6795
9 0 6796
15 0 6797
1 1 6798
1 0 6799
25 1 6800
18 1 6801
8 0 6802
28 1 6803
18 0 6804
14 1 6805
6 0 6806
10 0 6807
14 0 6808
18 1 6809
12 1 6810
16 1 6811
14 0 6812
13 1 6813
2 0 6814
7 1 6815
8 0 6816
21 1 6817
28 0 6818
12 1 6819
4 0 6820
26 0 6821
27 1 6822
25 0 6823
22 1 6824
22 1 6825
14 0 6826
25 0 6827
24 1 6828
14 1 6829
14 0 6830
2 1 6831
28 1 6832
23 0 6833
18 0 6834
22 1 6835
16 0 6836
20 1 6837
28 1 6838
20 0 6839
22 0 6840
23 0 6841
20 0 6842
23 1 6843
25 1 6844
3 0 6845
18 1 6846
27 1 6847
13 1 6848
28 0 6849
1 0 6850
24 1 6851
2 1 6852
17 0 6853
1 0 6854
12 0 6855
28 0 6856
26 1 6857
16 1 6858
21 0 6859
11 1 6860
16 0 6861
15 0 6862
8 1 6863
13 0 6864
9 1 6865
8 1 6866
23 1 6867
25 1 6868
16 0 6869
22 1 6870
8 0 6871
23 0 6872
11 1 6873
6 0 6874
2 0 6875
11 0 6876
14 1 6877
27 1 6878
10 1 6879
8 0 6880
1 1 6881
9 0 6882
12 1 6883
15 0 6884
19 0 6885
21 1 6886
26 1 6887
23 0 6888
16 1 6889
22 0 6890
26 1 6891
16 0 6892
5 1 6893
14 0 6894
2 1 6895
14 0 6896
21 0 6897
4 1 6898
21 0 6899
4 1 6900
7 0 6901
17 0 6902
23 1 6903
20 1 6904
1 1 6905
24 0 6906
12 0 6907
17 0 6908
7 0 6909
12 0 6910
23 1 6911
3 1 6912
8 1 6913
2 0 6914
6 0 6915
1 1 6916
20 1 6917
21 1 6918
12 0 6919
21 1 6920
13 0 6921
26 1 6922
0 1 6923
26 0 6924
7 0 6925
6 1 6926
14 0 6927
25 1 6928
14 0 6929
27 1 6930
19 1 6931
28 1 6932
9 0 6933
2 0 6934
23 1 6935
1 0 6936
13 0 6937
16 1 6938
28 1 6939
27 1 6940
28 0 6941
19 0 6942
12 0 6943
7 1 6944
13 0 6945
16 1 6946
24 0 6947
11 1 6948
3 0 6949
0 1 6950
20 1 6951
1 0 6952
14 0 6953
17 1 6954
27 1 6955
7 0 6956
13 0 6957
7 1 6958
7 0 6959
16 1 6960
16 1 6961
10 0 6962
21 1 6963
23 0 6964
0 0 6965
16 1 6966
1 0 6967
28 0 6968
22 0 6969
0 0 6970
3 0 6971
8 1 6972
16 1 6973
18 1 6974
12 1 6975
24 1 6976
26 0 6977
16 0 6978
14 1 6979
14 0 6980
6 1 6981
21 1 6982
12 0 6983
8 1 6984
24 0 6985
24 1 6986
25 1 6987
5 0 6988
3 0 6989
13 0 6990
18 1 6991
8 1 6992
13 1 6993
10 1 6994
23 1 6995
14 0 6996
16 0 6997
7 0 6998
6 1 6999
14 1 7000
21 0 7001
19 1 7002
26 0 7003
20 0 7004
6 1 7005
28 0 7006
19 0 7007
15 1 7008
29 1 7009
15 1 7010
11 0 7011
5 1 7012
24 0 7013
18 0 7014
18 1 7015
3 1 7016
28 0 7017
12 0 7018
26 0 7019
2 1 7020
16 1 7021
7 1 7022
10 0 7023
15 0 7024
4 1 7025
20 0 7026
29 0 7027
8 1 7028
23 1 7029
16 1 7030
15 0 7031
18 0 7032
5 1 7033
4 0 7034
14 0 7035
13 1 7036
2 0 7037
17 1 7038
5 0 7039
17 1 7040
9 1 7041
4 0 7042
21 0 7043
5 1 7044
20 0 7045
18 0 7046
27 0 7047
11 0 7048
0 1 7049
5 1 7050
9 1 7051
26 1 7052
0 0 7053
3 1 7054
27 0 7055
12 1 7056
6 0 7057
8 1 7058
12 0 7059
6 0 7060
6 1 7061
15 1 7062
25 0 7063
23 1 7064
10 1 7065
12 0 7066
3 1 7067
15 0 7068
25 0 7069
19 1 7070
27 1 7071
16 0 7072
28 1 7073
21 0 7074
4 1 7075
23 0 7076
25 0 7077
3 1 7078
5 0 7079
7 1 7080
28 0 7081
1 1 7082
20 1 7083
3 1 7084
5 0 7085
13 1 7086
3 0 7087
4 0 7088
0 1 7089
1 0 7090
3 0 7091
17 1 7092
17 1 7093
5 0 7094
0 0 7095
11 1 7096
23 1 7097
19 0 7098
12 0 7099
3 1 7100
9 1 7101
7 0 7102
22 0 7103
19 1 7104
18 0 7105
14 1 7106
26 1 7107
11 1 7108
2 1 7109
23 0 7110
17 1 7111
22 0 7112
16 0 7113
23 0 7114
8 0 7115
3 0 7116
16 1 7117
14 1 7118
26 1 7119
3 0 7120
21 0 7121
17 1 7122
11 0 7123
24 1 7124
13 1 7125
7 1 7126
3 0 7127
18 1 7128
14 0 7129
18 0 7130
28 0 7131
6 1 7132
10 0 7133
19 0 7134
0 1 7135
23 0 7136
22 0 7137
3 0 7138
21 1 7139
7 1 7140
7 1 7141
18 1 7142
16 1 7143
28 0 7144
27 1 7145
24 0 7146
6 0 7147
1 1 7148
25 0 7149
15 1 7150
8 1 7151
15 1 7152
1 0 7153
13 0 7154
13 0 7155
4 1 7156
21 0 7157
7 1 7158
6 0 7159
10 0 7160
4 1 7161
6 1 7162
3 1 7163
10 0 7164
25 1 7165
15 0 7166
26 1 7167
16 0 7168
10 1 7169
3 0 7170
17 1 7171
18 0 7172
28 0 7173
4 1 7174
27 1 7175
9 0 7176
17 1 7177
20 0 7178
4 0 7179
25 0 7180
27 1 7181
6 0 7182
20 1 7183
27 1 7184
11 1 7185
10 1 7186
27 0 7187
23 0 7188
16 0 7189
18 1 7190
7 0 7191
16 1 7192
9 0 7193
7 1 7194
21 1 7195
27 1 7196
9 0 7197
13 0 7198
13 1 7199
4 0 7200
20 1 7201
13 0 7202
20 1 7203
4 0 7204
15 1 7205
10 0 7206
26 1 7207
8 0 7208
8 0 7209
19 1 7210
20 1 7211
23 0 7212
3 0 7213
11 1 7214
2 1 7215
0 1 7216
0 1 7217
27 0 7218
4 0 7219
21 0 7220
22 1 7221
14 0 7222
26 1 7223
22 1 7224
3 0 7225
4 1 7226
17 0 7227
20 1 7228
3 0 7229
25 1 7230
23 0 7231
15 1 7232
21 1 7233
27 0 7234
15 0 7235
28 0 7236
8 0 7237
17 1 7238
9 1 7239
12 1 7240
28 1 7241
0 0 7242
22 0 7243
13 0 7244
27 0 7245
9 0 7246
7 1 7247
17 0 7248
7 1 7249
18 1 7250
11 0 7251
15 1 7252
23 0 7253
14 1 7254
28 0 7255
7 1 7256
22 0 7257
2 1 7258
18 0 7259
2 1 7260
2 0 7261
27 0 7262
24 1 7263
11 0 7264
14 0 7265
27 1 7266
3 1 7267
20 1 7268
18 1 7269
2 0 7270
22 0 7271
26 1 7272
4 1 7273
18 0 7274
9 1 7275
13 1 7276
18 0 7277
24 0 7278
24 1 7279
11 0 7280
25 1 7281
21 1 7282
20 0 7283
6 0 7284
22 0 7285
18 1 7286
4 0 7287
14 0 7288
24 1 7289
10 1 7290
17 1 7291
13 0 7292
19 0 7293
16 0 7294
5 1 7295
11 1 7296
25 0 7297
25 1 7298
28 1 7299
14 0 7300
12 0 7301
16 1 7302
11 0 7303
4 0 7304
5 1 7305
9 1 7306
2 1 7307
2 1 7308
26 0 7309
20 1 7310
8 0 7311
3 0 7312
10 0 7313
25 1 7314
21 1 7315
20 0 7316
26 1 7317
24 0 7318
15 0 7319
8 1 7320
19 1 7321
5 0 7322
8 0 7323
17 0 7324
12 1 7325
4 1 7326
5 0 7327
21 1 7328
24 0 7329
9 1 7330
8 1 7331
26 1 7332
9 0 7333
26 0 7334
17 1 7335
0 0 7336
15 0 7337
19 0 7338
19 1 7339
18 1 7340
26 0 7341
9 0 7342
1 1 7343
21 0 7344
20 1 7345
24 1 7346
0 1 7347
17 1 7348
29 1 7349
12 0 7350
18 1 7351
24 0 7352
20 0 7353
7 0 7354
8 1 7355
25 0 7356
6 1 7357
20 0 7358
22 1 7359
0 0 7360
3 1 7361
7 0 7362
3 1 7363
26 0 7364
25 1 7365
19 0 7366
20 0 7367
24 1 7368
1 0 7369
14 1 7370
26 0 7371
9 0 7372
24 1 7373
28 1 7374
16 1 7375
2 0 7376
14 1 7377
18 0 7378
10 0 7379
0 1 7380
27 1 7381
17 0 7382
28 0 7383
22 1 7384
20 0 7385
10 1 7386
2 0 7387
3 1 7388
8 0 7389
9 1 7390
16 0 7391
16 1 7392
2 0 7393
4 0 7394
10 1 7395
7 0 7396
12 1 7397
28 1 7398
21 0 7399
11 1 7400
26 0 7401
0 1 7402
20 0 7403
15 0 7404
6 1 7405
22 1 7406
3 0 7407
24 1 7408
10 1 7409
0 0 7410
21 0 7411
11 1 7412
3 1 7413
25 0 7414
25 1 7415
21 1 7416
17 0 7417
18 0 7418
24 1 7419
16 0 7420
11 0 7421
18 1 7422
10 1 7423
21 0 7424
21 1 7425
6 1 7426
25 0 7427
21 0 7428
3 0 7429
18 1 7430
17 1 7431
20 0 7432
7 1 7433
17 0 7434
10 1 7435
12 0 7436
21 0 7437
1 1 7438
25 0 7439
24 1 7440
11 0 7441
15 1 7442
22 1 7443
1 0 7444
16 1 7445
1 1 7446
7 0 7447
7 0 7448
27 0 7449
27 1 7450
4 1 7451
4 0 7452
29 1 7453
18 1 7454
9 0 7455
22 0 7456
6 0 7457
16 1 7458
25 0 7459
21 1 7460
10 0 7461
26 1 7462
4 1 7463
27 0 7464
0 1 7465
6 0 7466
15 1 7467
3 0 7468
7 0 7469
4 1 7470
16 0 7471
6 0 7472
4 1 7473
24 0 7474
20 1 7475
28 0 7476
17 1 7477
22 1 7478
7 1 7479
23 1 7480
10 0 7481
26 0 7482
22 0 7483
13 1 7484
3 1 7485
6 0 7486
23 1 7487
13 0 7488
14 0 7489
25 1 7490
1 1 7491
18 0 7492
10 1 7493
25 0 7494
18 0 7495
10 1 7496
8 1 7497
3 0 7498
12 1 7499
21 0 7500
0 1 7501
18 0 7502
14 0 7503
19 1 7504
7 0 7505
3 1 7506
27 0 7507
5 1 7508
27 1 7509
4 0 7510
18 0 7511
21 1 7512
7 0 7513
24 0 7514
28 1 7515
14 1 7516
29 0 7517
12 1 7518
5 0 7519
14 1 7520
7 0 7521
2 0 7522
0 1 7523
6 1 7524
24 0 7525
22 1 7526
28 0 7527
26 1 7528
22 0 7529
6 1 7530
15 0 7531
6 1 7532
8 0 7533
24 1 7534
8 0 7535
10 1 7536
7 1 7537
1 0 7538
16 0 7539
22 0 7540
28 1 7541
16 1 7542
27 1 7543
22 0 7544
22 0 7545
12 0 7546
11 1 7547
22 1 7548
6 0 7549
24 0 7550
27 1 7551
23 0 7552
27 1 7553
18 1 7554
16 0 7555
21 1 7556
19 0 7557
22 1 7558
24 0 7559
15 1 7560
28 0 7561
11 0 7562
15 1 7563
9 1 7564
28 0 7565
21 1 7566
20 0 7567
23 1 7568
26 0 7569
28 1 7570
0 0 7571
17 1 7572
9 1 7573
15 0 7574
4 1 7575
21 0 7576
1 1 7577
12 0 7578
4 1 7579
14 1 7580
23 1 7581
18 0 7582
11 1 7583
4 0 7584
14 0 7585
25 0 7586
3 1 7587
26 0 7588
27 0 7589
12 1 7590
27 1 7591
17 0 7592
2 1 7593
11 0 7594
28 1 7595
15 0 7596
2 1 7597
4 0 7598
2 1 7599
6 0 7600
17 0 7601
2 0 7602
3 1 7603
7 1 7604
1 0 7605
0 1 7606
1 0 7607
4 1 7608
16 1 7609
26 0 7610
10 1 7611
5 1 7612
26 0 7613
19 1 7614
29 0 7615
14 0 7616
17 1 7617
12 1 7618
24 0 7619
21 0 7620
16 1 7621
6 0 7622
4 0 7623
9 1 7624
16 1 7625
3 0 7626
9 0 7627
28 1 7628
8 1 7629
15 0 7630
24 1 7631
4 0 7632
22 0 7633
1 1 7634
27 1 7635
2 0 7636
13 1 7637
27 0 7638
16 0 7639
28 1 7640
23 0 7641
29 1 7642
5 0 7643
12 0 7644
0 1 7645
13 0 7646
26 1 7647
26 1 7648
25 1 7649
4 0 7650
29 0 7651
19 1 7652
9 1 7653
10 0 7654
16 0 7655
27 1 7656
1 0 7657
20 1 7658
9 0 7659
19 1 7660
7 1 7661
27 0 7662
21 0 7663
16 1 7664
14 0 7665
23 1 7666
9 0 7667
25 1 7668
26 1 7669
23 0 7670
8 0 7671
1 1 7672
5 1 7673
16 0 7674
19 0 7675
4 1 7676
15 1 7677
8 0 7678
5 1 7679
10 0 7680
12 1 7681
19 0 7682
19 1 7683
27 0 7684
21 1 7685
19 0 7686
14 1 7687
1 1 7688
24 0 7689
12 0 7690
9 0 7691
29 1 7692
7 0 7693
0 1 7694
20 0 7695
1 1 7696
19 1 7697
1 0 7698
6 1 7699
8 0 7700
12 1 7701
14 0 7702
1 0 7703
28 1 7704
23 1 7705
28 0 7706
26 1 7707
28 0 7708
26 0 7709
27 0 7710
18 1 7711
22 0 7712
10 0 7713
20 1 7714
7 0 7715
29 1 7716
4 0 7717
28 1 7718
15 1 7719
19 1 7720
20 1 7721
21 0 7722
26 0 7723
7 1 7724
28 0 7725
5 0 7726
1 1 7727
28 0 7728
6 1 7729
17 1 7730
23 0 7731
14 1 7732
28 1 7733
14 0 7734
10 1 7735
15 0 7736
29 1 7737
3 0 7738
17 0 7739
24 1 7740
18 0 7741
3 1 7742
15 1 7743
3 0 7744
18 1 7745
20 1 7746
14 0 7747
29 1 7748
10 0 7749
24 0 7750
10 0 7751
8 1 7752
2 1 7753
14 1 7754
7 1 7755
23 0 7756
16 0 7757
2 0 7758
25 1 7759
2 0 7760
0 0 7761
9 1 7762
8 0 7763
5 1 7764
17 1 7765
20 0 7766
9 0 7767
17 1 7768
14 0 7769
5 1 7770
6 1 7771
29 0 7772
15 0 7773
28 1 7774
16 0 7775
15 0 7776
17 1 7777
12 1 7778
1 0 7779
10 1 7780
28 0 7781
4 1 7782
27 1 7783
25 0 7784
4 0 7785
23 1 7786
7 0 7787
8 1 7788
6 1 7789
17 0 7790
2 1 7791
7 0 7792
17 0 7793
24 1 7794
22 1 7795
24 0 7796
26 1 7797
1 0 7798
21 1 7799
25 0 7800
23 1 7801
29 1 7802
18 0 7803
10 0 7804
12 1 7805
29 0 7806
19 0 7807
2 0 7808
3 1 7809
3 1 7810
9 1 7811
17 0 7812
28 0 7813
11 1 7814
10 0 7815
7 1 7816
28 1 7817
11 0 7818
6 0 7819
17 0 7820
5 1 7821
16 0 7822
23 1 7823
1 1 7824
8 0 7825
4 1 7826
14 1 7827
21 0 7828
26 1 7829
18 1 7830
17 0 7831
3 0 7832
27 0 7833
8 1 7834
22 1 7835
23 0 7836
14 0 7837
7 1 7838
11 1 7839
9 0 7840
10 1 7841
23 0 7842
23 1 7843
17 0 7844
11 1 7845
0 0 7846
5 1 7847
26 0 7848
27 1 7849
10 0 7850
10 0 7851
7 1 7852
12 0 7853
10 0 7854
9 1 7855
25 0 7856
20 1 7857
5 1 7858
7 1 7859
22 0 7860
18 0 7861
24 1 7862
4 1 7863
20 0 7864
15 1 7865
1 0 7866
10 0 7867
6 1 7868
26 1 7869
11 0 7870
7 1 7871
6 1 7872
29 0 7873
22 0 7874
2 1 7875
0 0 7876
15 0 7877
14 1 7878
14 1 7879
16 0 7880
28 0 7881
15 1 7882
5 0 7883
12 1 7884
28 0 7885
4 0 7886
10 1 7887
14 0 7888
9 1 7889
26 1 7890
6 1 7891
0 0 7892
13 1 7893
2 0 7894
7 1 7895
0 0 7896
12 1 7897
8 0 7898
11 1 7899
28 0 7900
27 1 7901
7 0 7902
9 0 7903
27 0 7904
5 1 7905
16 1 7906
25 1 7907
0 0 7908
29 0 7909
1 1 7910
7 0 7911
28 1 7912
11 1 7913
12 1 7914
1 0 7915
6 0 7916
17 1 7917
3 1 7918
7 0 7919
15 0 7920
11 1 7921
14 0 7922
24 1 7923
26 0 7924
6 1 7925
24 0 7926
7 1 7927
23 0 7928
7 0 7929
4 1 7930
27 0 7931
23 1 7932
11 0 7933
0 1 7934
27 0 7935
5 1 7936
22 1 7937
26 0 7938
29 0 7939
19 0 7940
16 1 7941
26 1 7942
25 0 7943
7 1 7944
22 0 7945
18 1 7946
17 0 7947
2 1 7948
8 1 7949
26 0 7950
27 1 7951
0 0 7952
9 0 7953
17 1 7954
16 1 7955
16 0 7956
12 1 7957
3 1 7958
20 0 7959
17 0 7960
24 0 7961
29 1 7962
13 1 7963
17 0 7964
10 1 7965
12 0 7966
2 1 7967
10 1 7968
11 0 7969
4 0 7970
23 1 7971
29 0 7972
4 1 7973
28 0 7974
10 1 7975
3 0 7976
27 0 7977
6 1 7978
7 1 7979
0 1 7980
23 0 7981
7 0 7982
20 1 7983
19 0 7984
8 0 7985
24 1 7986
15 1 7987
15 1 7988
17 0 7989
12 0 7990
5 0 7991
12 0 7992
23 1 7993
15 1 7994
26 1 7995
23 0 7996
4 0 7997
9 1 7998
5 1 7999
3 0 8000
