2 0 1
22 0 2
7 1 3
9 1 4
6 1 5
28 0 6
14 0 7
5 1 8
1 0 9
21 1 10
16 1 11
19 0 12
7 0 13
20 1 14
1 1 15
0 0 16
3 0 17
9 0 18
5 1 19
6 1 20
24 0 21
27 1 22
29 1 23
18 0 24
27 0 25
3 1 26
3 0 27
24 0 28
7 1 29
25 0 30
20 1 31
27 0 32
4 1 33
6 0 34
0 1 35
7 1 36
26 0 37
15 1 38
1 0 39
28 1 40
7 0 41
10 1 42
27 0 43
3 1 44
6 1 45
12 0 46
21 1 47
22 1 48
14 1 49
16 0 50
0 0 51
10 0 52
22 0 53
5 1 54
26 1 55
25 1 56
4 0 57
14 0 58
5 0 59
18 1 60
7 1 61
0 1 62
26 1 63
3 0 64
29 0 65
5 0 66
13 0 67
27 0 68
20 1 69
12 1 70
21 1 71
15 0 72
17 0 73
8 0 74
8 1 75
8 1 76
11 1 77
26 0 78
16 0 79
25 1 80
27 1 81
14 0 82
21 1 83
19 0 84
5 0 85
8 0 86
7 1 87
23 0 88
17 1 89
0 1 90
14 0 91
27 0 92
10 1 93
29 0 94
5 1 95
14 1 96
14 1 97
18 0 98
23 0 99
10 1 100
10 1 101
27 1 102
26 0 103
26 0 104
28 0 105
3 1 106
15 1 107
18 0 108
23 1 109
15 0 110
21 0 111
27 1 112
5 0 113
14 0 114
16 1 115
5 1 116
19 1 117
20 1 118
24 0 119
19 0 120
0 0 121
1 1 122
26 0 123
0 0 124
0 1 125
25 0 126
16 1 127
2 1 128
17 0 129
15 0 130
24 1 131
29 0 132
21 1 133
9 0 134
14 1 135
0 0 136
12 1 137
16 0 138
11 1 139
8 1 140
16 1 141
3 0 142
6 0 143
9 1 144
17 0 145
5 1 146
8 0 147
20 1 148
27 0 149
28 0 150
9 1 151
16 1 152
21 1 153
6 0 154
4 0 155
25 1 156
21 0 157
20 0 158
10 1 159
6 1 160
23 0 161
1 1 162
13 1 163
7 0 164
7 0 165
21 1 166
22 1 167
5 0 168
3 1 169
22 0 170
1 0 171
6 0 172
10 0 173
13 1 174
28 1 175
10 0 176
10 0 177
11 1 178
11 1 179
1 0 180
0 1 181
0 1 182
19 0 183
26 0 184
5 1 185
14 0 186
2 1 187
1 1 188
1 1 189
1 0 190
10 0 191
20 0 192
7 1 193
5 1 194
12 1 195
1 1 196
21 0 197
2 0 198
18 1 199
17 1 200
4 0 201
21 0 202
4 0 203
28 0 204
9 1 205
13 1 206
26 1 207
26 0 208
17 0 209
25 1 210
17 0 211
3 1 212
29 1 213
1 0 214
11 1 215
19 0 216
27 0 217
1 1 218
10 1 219
18 0 220
24 1 221
17 0 222
27 0 223
7 0 224
2 1 225
17 1 226
20 0 227
0 1 228
1 0 229
8 0 230
12 1 231
18 1 232
11 0 233
4 0 234
25 1 235
28 1 236
10 0 237
14 1 238
8 0 239
15 1 240
13 1 241
7 0 242
14 0 243
16 0 244
26 1 245
15 0 246
11 1 247
27 1 248
20 0 249
0 1 250
13 1 251
21 0 252
16 1 253
13 1 254
15 1 255
12 1 256
20 0 257
14 0 258
19 0 259
2 0 260
3 0 261
3 1 262
8 1 263
16 0 264
13 1 265
7 0 266
14 0 267
26 0 268
10 1 269
16 1 270
26 1 271
21 0 272
29 0 273
9 0 274
7 1 275
29 1 276
0 1 277
18 0 278
25 1 279
4 0 280
3 0 281
20 1 282
11 1 283
11 0 284
22 1 285
14 0 286
17 0 287
4 1 288
6 1 289
11 0 290
29 0 291
17 0 292
13 1 293
0 0 294
11 1 295
0 0 296
22 1 297
11 1 298
14 0 299
29 1 300
16 0 301
27 1 302
16 0 303
20 1 304
4 1 305
21 0 306
22 0 307
1 1 308
11 1 309
3 0 310
7 0 311
12 0 312
15 1 313
26 0 314
13 1 315
11 1 316
26 0 317
0 1 318
14 0 319
4 1 320
15 0 321
0 1 322
22 0 323
14 1 324
3 0 325
23 1 326
12 0 327
19 1 328
15 1 329
3 0 330
10 0 331
23 1 332
7 0 333
7 1 334
27 1 335
4 0 336
29 1 337
5 0 338
4 0 339
24 1 340
25 0 341
6 1 342
24 0 343
19 1 344
12 0 345
10 1 346
2 1 347
20 1 348
10 0 349
6 0 350
4 0 351
27 0 352
5 1 353
0 0 354
10 1 355
11 1 356
4 0 357
16 0 358
27 1 359
0 0 360
21 1 361
8 1 362
18 1 363
1 0 364
25 0 365
9 1 366
24 0 367
16 1 368
6 0 369
0 0 370
12 0 371
4 1 372
28 1 373
24 0 374
17 1 375
7 1 376
12 1 377
24 0 378
12 0 379
0 1 380
5 0 381
4 1 382
0 0 383
6 1 384
26 1 385
23 0 386
4 1 387
26 1 388
7 1 389
1 0 390
0 0 391
23 0 392
19 1 393
11 0 394
28 0 395
29 1 396
28 0 397
19 0 398
7 0 399
13 1 400
11 1 401
27 1 402
19 1 403
8 0 404
20 0 405
20 0 406
22 1 407
29 0 408
26 1 409
10 1 410
6 0 411
24 1 412
2 1 413
8 0 414
21 1 415
27 0 416
26 1 417
9 0 418
2 0 419
2 0 420
29 0 421
9 1 422
6 1 423
23 1 424
7 0 425
2 1 426
28 0 427
28 1 428
10 0 429
24 1 430
12 1 431
10 1 432
18 0 433
28 0 434
7 0 435
29 0 436
18 1 437
12 1 438
6 0 439
13 1 440
27 1 441
4 0 442
13 0 443
0 0 444
6 1 445
12 1 446
18 1 447
4 0 448
22 0 449
9 0 450
13 1 451
20 1 452
2 1 453
25 0 454
23 1 455
2 0 456
8 1 457
21 0 458
9 0 459
25 1 460
18 0 461
4 0 462
8 1 463
8 1 464
5 1 465
12 0 466
22 1 467
8 0 468
4 1 469
8 0 470
23 0 471
10 1 472
12 1 473
20 0 474
20 1 475
22 1 476
24 0 477
20 0 478
6 0 479
2 0 480
7 1 481
11 1 482
21 0 483
11 0 484
13 1 485
28 0 486
2 0 487
25 1 488
6 0 489
17 1 490
25 1 491
8 1 492
6 0 493
22 0 494
24 1 495
7 0 496
10 0 497
27 1 498
1 1 499
7 1 500
0 1 501
24 0 502
20 1 503
0 0 504
9 0 505
19 1 506
4 0 507
11 0 508
25 1 509
26 1 510
21 0 511
1 1 512
12 0 513
6 0 514
25 0 515
19 1 516
24 1 517
22 1 518
8 0 519
2 1 520
15 0 521
26 1 522
8 0 523
21 1 524
27 0 525
21 1 526
14 0 527
23 1 528
16 0 529
24 0 530
10 1 531
28 1 532
2 1 533
6 0 534
24 1 535
1 0 536
29 1 537
26 0 538
24 1 539
7 0 540
23 0 541
8 1 542
29 1 543
3 1 544
28 1 545
10 0 546
11 1 547
5 0 548
19 1 549
14 0 550
23 0 551
20 0 552
23 0 553
21 0 554
1 1 555
5 1 556
10 0 557
8 1 558
0 1 559
13 0 560
13 1 561
5 0 562
29 0 563
16 1 564
18 0 565
16 1 566
3 0 567
28 0 568
11 1 569
9 1 570
3 1 571
21 0 572
27 1 573
3 0 574
29 0 575
20 1 576
15 0 577
24 0 578
11 1 579
23 0 580
7 1 581
28 0 582
23 0 583
26 1 584
8 1 585
14 1 586
19 1 587
1 0 588
8 0 589
22 1 590
23 0 591
10 0 592
26 1 593
1 0 594
15 1 595
11 0 596
5 1 597
6 1 598
26 0 599
7 1 600
8 1 601
27 0 602
8 0 603
18 1 604
0 0 605
5 1 606
17 0 607
21 1 608
11 0 609
3 1 610
3 1 611
3 0 612
22 0 613
2 1 614
11 0 615
16 0 616
5 1 617
0 1 618
18 0 619
5 0 620
4 1 621
11 0 622
4 1 623
27 1 624
4 0 625
3 1 626
21 0 627
19 0 628
13 0 629
8 0 630
1 1 631
17 1 632
15 1 633
25 1 634
9 0 635
20 1 636
1 0 637
2 1 638
3 0 639
13 0 640
25 1 641
27 0 642
2 0 643
4 1 644
2 1 645
26 0 646
0 1 647
14 0 648
24 1 649
11 0 650
27 1 651
1 1 652
5 0 653
4 1 654
19 0 655
24 1 656
17 1 657
22 1 658
16 0 659
14 1 660
7 0 661
27 0 662
25 1 663
3 0 664
3 1 665
1 0 666
14 1 667
17 0 668
10 1 669
27 0 670
8 0 671
19 1 672
1 1 673
3 0 674
25 0 675
12 0 676
16 1 677
11 1 678
29 1 679
6 0 680
17 0 681
11 1 682
29 0 683
10 1 684
15 1 685
13 0 686
7 0 687
7 1 688
22 1 689
4 1 690
7 0 691
19 0 692
10 0 693
18 1 694
19 0 695
26 0 696
19 1 697
16 1 698
20 1 699
17 0 700
16 1 701
14 0 702
4 0 703
26 1 704
20 1 705
19 0 706
26 0 707
4 0 708
29 1 709
25 1 710
6 1 711
4 0 712
12 0 713
6 1 714
10 0 715
13 1 716
18 0 717
13 0 718
6 1 719
4 0 720
1 1 721
14 1 722
13 0 723
10 1 724
26 1 725
11 0 726
23 1 727
1 0 728
16 0 729
13 1 730
2 0 731
24 1 732
10 0 733
22 0 734
28 1 735
24 0 736
5 1 737
9 1 738
25 0 739
23 1 740
5 0 741
6 0 742
10 1 743
23 1 744
22 1 745
6 1 746
7 1 747
13 0 748
11 0 749
29 0 750
4 1 751
15 0 752
19 0 753
20 1 754
20 1 755
11 0 756
26 0 757
22 0 758
29 1 759
2 1 760
28 0 761
6 0 762
12 1 763
0 1 764
23 0 765
1 1 766
17 1 767
25 1 768
14 0 769
29 0 770
24 0 771
20 1 772
10 0 773
14 0 774
8 1 775
7 0 776
27 1 777
22 1 778
4 0 779
26 1 780
22 1 781
9 0 782
26 0 783
10 1 784
15 0 785
8 1 786
27 0 787
23 1 788
19 0 789
29 1 790
6 1 791
2 0 792
8 1 793
10 0 794
17 0 795
24 1 796
6 0 797
13 0 798
24 1 799
8 1 800
16 0 801
12 1 802
0 1 803
1 0 804
12 0 805
12 0 806
25 1 807
0 0 808
6 1 809
28 1 810
24 1 811
16 0 812
6 0 813
5 1 814
13 0 815
22 1 816
6 0 817
6 0 818
21 1 819
11 0 820
2 0 821
29 1 822
17 1 823
22 0 824
13 1 825
2 0 826
9 1 827
22 0 828
2 1 829
8 1 830
28 1 831
9 0 832
12 0 833
21 1 834
15 0 835
1 0 836
5 1 837
2 0 838
28 1 839
29 0 840
28 0 841
15 1 842
2 1 843
9 1 844
5 1 845
15 0 846
23 1 847
2 0 848
24 0 849
11 0 850
10 1 851
12 1 852
22 0 853
26 0 854
10 1 855
0 0 856
23 0 857
26 1 858
25 1 859
8 1 860
17 0 861
27 1 862
19 0 863
10 1 864
15 1 865
20 0 866
27 1 867
4 1 868
25 0 869
19 0 870
20 0 871
29 0 872
24 1 873
12 1 874
4 0 875
3 1 876
9 0 877
27 1 878
5 0 879
27 1 880
22 0 881
26 1 882
23 0 883
19 1 884
12 0 885
5 1 886
21 0 887
27 0 888
10 0 889
3 1 890
17 0 891
15 1 892
14 1 893
0 0 894
22 1 895
4 1 896
4 1 897
11 0 898
24 0 899
5 1 900
24 0 901
9 1 902
3 0 903
1 1 904
24 0 905
9 1 906
11 0 907
20 1 908
20 0 909
19 1 910
5 0 911
11 0 912
2 0 913
2 1 914
9 1 915
6 1 916
26 1 917
19 0 918
4 0 919
28 1 920
24 0 921
6 1 922
12 1 923
13 0 924
11 0 925
13 1 926
1 1 927
4 0 928
7 1 929
24 0 930
27 1 931
19 0 932
23 1 933
14 1 934
24 0 935
25 0 936
2 1 937
7 0 938
21 0 939
14 1 940
12 0 941
14 1 942
10 0 943
7 1 944
6 0 945
13 1 946
21 1 947
22 0 948
14 0 949
22 1 950
14 0 951
17 1 952
29 1 953
2 0 954
23 0 955
20 1 956
25 0 957
1 1 958
9 0 959
13 0 960
21 0 961
21 1 962
26 0 963
29 1 964
5 1 965
23 1 966
6 1 967
27 0 968
28 0 969
24 1 970
14 0 971
24 1 972
7 1 973
20 0 974
26 1 975
21 0 976
29 1 977
14 0 978
5 0 979
3 0 980
8 0 981
23 1 982
15 1 983
20 1 984
6 0 985
27 1 986
28 1 987
9 0 988
14 1 989
2 0 990
11 1 991
15 1 992
24 0 993
9 0 994
22 0 995
28 0 996
16 1 997
1 0 998
24 1 999
16 1 1000
5 0 1001
1 0 1002
29 0 1003
13 1 1004
23 1 1005
14 1 1006
20 0 1007
20 0 1008
12 0 1009
11 1 1010
17 0 1011
0 0 1012
29 1 1013
25 0 1014
19 1 1015
10 1 1016
2 1 1017
8 1 1018
6 0 1019
1 0 1020
11 1 1021
7 0 1022
22 1 1023
14 1 1024
20 0 1025
20 0 1026
7 1 1027
11 0 1028
24 1 1029
8 1 1030
19 0 1031
22 1 1032
22 0 1033
29 0 1034
16 1 1035
29 1 1036
23 0 1037
10 1 1038
4 1 1039
5 1 1040
7 0 1041
5 0 1042
20 0 1043
10 1 1044
17 1 1045
20 0 1046
5 0 1047
6 1 1048
23 0 1049
9 1 1050
28 0 1051
20 1 1052
13 1 1053
26 0 1054
7 0 1055
13 1 1056
20 0 1057
16 0 1058
28 1 1059
14 1 1060
25 0 1061
29 1 1062
17 0 1063
29 1 1064
20 1 1065
14 0 1066
6 0 1067
3 1 1068
15 0 1069
27 1 1070
23 0 1071
11 1 1072
22 0 1073
24 0 1074
2 1 1075
5 1 1076
13 0 1077
14 0 1078
14 1 1079
28 1 1080
25 1 1081
17 1 1082
11 0 1083
16 0 1084
20 0 1085
5 1 1086
15 0 1087
13 1 1088
23 0 1089
25 1 1090
11 0 1091
5 0 1092
10 1 1093
21 1 1094
10 0 1095
1 1 1096
14 0 1097
24 1 1098
2 0 1099
26 1 1100
28 1 1101
14 0 1102
1 0 1103
4 1 1104
19 1 1105
19 0 1106
26 1 1107
23 0 1108
13 0 1109
19 1 1110
14 1 1111
28 0 1112
16 1 1113
6 1 1114
10 0 1115
9 0 1116
4 0 1117
22 1 1118
12 1 1119
21 0 1120
23 1 1121
8 1 1122
14 0 1123
3 0 1124
22 1 1125
23 0 1126
26 0 1127
16 0 1128
25 1 1129
0 1 1130
19 1 1131
16 1 1132
8 0 1133
12 0 1134
11 0 1135
24 0 1136
16 0 1137
15 1 1138
3 1 1139
28 1 1140
25 0 1141
13 1 1142
5 0 1143
14 0 1144
2 1 1145
13 0 1146
0 0 1147
8 0 1148
28 0 1149
23 1 1150
7 1 1151
3 0 1152
2 0 1153
28 1 1154
20 1 1155
2 0 1156
15 1 1157
19 1 1158
20 1 1159
8 1 1160
20 1 1161
13 0 1162
24 0 1163
24 1 1164
23 1 1165
27 0 1166
25 0 1167
27 0 1168
26 1 1169
23 0 1170
15 1 1171
8 1 1172
24 1 1173
5 1 1174
4 1 1175
16 0 1176
4 0 1177
26 0 1178
24 0 1179
24 0 1180
6 1 1181
22 1 1182
15 0 1183
15 1 1184
13 0 1185
18 1 1186
8 0 1187
13 1 1188
15 1 1189
22 0 1190
8 0 1191
25 0 1192
23 1 1193
7 0 1194
8 0 1195
1 1 1196
22 1 1197
17 0 1198
14 1 1199
16 1 1200
25 0 1201
1 1 1202
5 0 1203
6 0 1204
20 1 1205
17 1 1206
27 0 1207
29 1 1208
29 1 1209
4 0 1210
0 1 1211
28 0 1212
8 0 1213
11 1 1214
20 0 1215
29 0 1216
13 1 1217
1 1 1218
19 0 1219
19 1 1220
0 0 1221
9 1 1222
20 0 1223
27 1 1224
14 0 1225
19 0 1226
9 1 1227
7 1 1228
17 1 1229
29 1 1230
7 0 1231
24 0 1232
16 0 1233
9 1 1234
0 1 1235
10 0 1236
6 0 1237
27 0 1238
15 1 1239
12 1 1240
11 1 1241
22 0 1242
16 1 1243
15 0 1244
20 0 1245
10 0 1246
28 1 1247
0 0 1248
6 1 1249
20 0 1250
15 0 1251
13 1 1252
26 1 1253
4 1 1254
9 1 1255
29 1 1256
23 0 1257
22 0 1258
9 1 1259
29 0 1260
21 1 1261
16 0 1262
25 0 1263
13 1 1264
17 1 1265
4 0 1266
27 0 1267
2 1 1268
21 0 1269
7 1 1270
29 1 1271
17 0 1272
15 0 1273
16 1 1274
28 1 1275
10 1 1276
24 1 1277
12 0 1278
18 0 1279
16 0 1280
1 1 1281
15 0 1282
15 1 1283
13 0 1284
13 0 1285
8 0 1286
11 1 1287
22 0 1288
7 1 1289
7 0 1290
12 1 1291
11 1 1292
9 0 1293
15 1 1294
5 0 1295
27 1 1296
11 0 1297
11 0 1298
20 1 1299
29 1 1300
25 0 1301
15 1 1302
28 0 1303
3 1 1304
13 0 1305
19 0 1306
5 1 1307
28 1 1308
28 1 1309
27 1 1310
5 0 1311
7 0 1312
11 0 1313
7 1 1314
5 0 1315
1 1 1316
9 1 1317
8 1 1318
13 0 1319
3 0 1320
8 1 1321
17 0 1322
1 0 1323
26 0 1324
3 1 1325
7 1 1326
3 0 1327
4 1 1328
12 0 1329
26 1 1330
28 0 1331
20 0 1332
22 1 1333
7 0 1334
14 1 1335
26 1 1336
14 0 1337
0 1 1338
6 1 1339
2 0 1340
22 1 1341
27 0 1342
17 0 1343
18 1 1344
4 0 1345
12 1 1346
1 0 1347
28 1 1348
1 1 1349
26 0 1350
20 0 1351
5 1 1352
29 0 1353
2 1 1354
1 0 1355
24 1 1356
2 1 1357
20 0 1358
25 0 1359
25 0 1360
16 1 1361
27 0 1362
12 1 1363
27 0 1364
1 1 1365
27 1 1366
28 0 1367
21 1 1368
26 0 1369
29 1 1370
18 0 1371
24 1 1372
11 1 1373
29 0 1374
9 0 1375
7 0 1376
16 1 1377
29 1 1378
23 0 1379
15 1 1380
11 0 1381
1 1 1382
15 0 1383
4 1 1384
8 1 1385
26 0 1386
12 0 1387
25 1 1388
22 1 1389
17 0 1390
11 0 1391
19 0 1392
3 1 1393
7 1 1394
0 0 1395
13 0 1396
25 1 1397
8 0 1398
6 1 1399
4 1 1400
5 0 1401
12 0 1402
0 1 1403
5 0 1404
27 1 1405
28 0 1406
25 1 1407
6 1 1408
9 0 1409
21 1 1410
16 0 1411
28 0 1412
0 1 1413
1 0 1414
1 1 1415
14 1 1416
10 0 1417
8 1 1418
16 0 1419
15 0 1420
28 1 1421
29 1 1422
2 0 1423
3 1 1424
4 0 1425
0 0 1426
11 1 1427
21 1 1428
7 0 1429
20 1 1430
2 1 1431
9 0 1432
2 0 1433
22 1 1434
29 0 1435
10 1 1436
19 1 1437
0 0 1438
1 0 1439
6 0 1440
15 1 1441
23 1 1442
29 0 1443
4 1 1444
25 1 1445
25 0 1446
28 1 1447
29 0 1448
12 1 1449
15 1 1450
11 0 1451
15 0 1452
21 0 1453
17 1 1454
27 1 1455
15 0 1456
9 0 1457
1 0 1458
13 0 1459
9 0 1460
21 1 1461
6 0 1462
18 1 1463
18 1 1464
0 1 1465
15 1 1466
8 0 1467
29 0 1468
28 1 1469
14 0 1470
16 1 1471
18 1 1472
12 0 1473
13 1 1474
19 0 1475
3 0 1476
27 1 1477
6 1 1478
3 0 1479
1 1 1480
8 0 1481
7 1 1482
25 0 1483
12 1 1484
21 0 1485
8 0 1486
21 1 1487
2 1 1488
6 0 1489
24 1 1490
18 1 1491
23 0 1492
20 1 1493
18 0 1494
16 1 1495
5 0 1496
29 0 1497
5 0 1498
16 1 1499
16 1 1500
14 1 1501
7 0 1502
5 0 1503
11 0 1504
8 1 1505
25 1 1506
16 0 1507
10 1 1508
15 1 1509
4 0 1510
24 1 1511
29 1 1512
5 0 1513
18 0 1514
3 1 1515
5 0 1516
28 0 1517
11 0 1518
16 1 1519
10 0 1520
2 1 1521
29 1 1522
18 0 1523
16 1 1524
10 0 1525
15 0 1526
28 1 1527
27 1 1528
13 1 1529
2 1 1530
14 1 1531
4 0 1532
10 0 1533
0 0 1534
3 0 1535
18 1 1536
23 1 1537
8 0 1538
17 0 1539
29 1 1540
21 0 1541
12 0 1542
13 1 1543
23 0 1544
27 1 1545
5 1 1546
18 0 1547
6 1 1548
16 0 1549
5 1 1550
9 1 1551
5 0 1552
21 0 1553
25 1 1554
21 0 1555
19 1 1556
20 0 1557
16 1 1558
24 0 1559
9 1 1560
3 1 1561
9 0 1562
14 1 1563
6 0 1564
23 1 1565
9 0 1566
14 0 1567
0 1 1568
27 0 1569
8 0 1570
29 1 1571
15 1 1572
13 0 1573
7 1 1574
28 0 1575
23 0 1576
27 1 1577
10 1 1578
3 0 1579
19 0 1580
24 1 1581
0 1 1582
7 0 1583
21 1 1584
5 0 1585
18 0 1586
9 1 1587
2 0 1588
28 0 1589
29 1 1590
23 1 1591
8 1 1592
8 0 1593
29 0 1594
6 1 1595
12 1 1596
21 1 1597
20 0 1598
7 1 1599
7 1 1600
24 1 1601
15 0 1602
29 0 1603
23 0 1604
7 0 1605
5 0 1606
7 1 1607
25 1 1608
10 0 1609
1 0 1610
28 1 1611
7 1 1612
13 1 1613
13 0 1614
27 0 1615
16 1 1616
20 1 1617
12 0 1618
6 0 1619
21 0 1620
15 0 1621
9 1 1622
4 1 1623
8 1 1624
14 1 1625
25 0 1626
7 0 1627
1 0 1628
7 1 1629
23 1 1630
4 0 1631
15 0 1632
28 1 1633
3 1 1634
14 0 1635
2 0 1636
8 1 1637
13 0 1638
2 1 1639
14 1 1640
7 0 1641
20 0 1642
17 1 1643
3 0 1644
9 1 1645
1 0 1646
23 1 1647
17 1 1648
21 0 1649
7 1 1650
1 0 1651
6 1 1652
26 0 1653
11 1 1654
13 0 1655
26 1 1656
13 0 1657
20 0 1658
0 1 1659
22 0 1660
19 1 1661
21 1 1662
22 0 1663
1 1 1664
10 1 1665
0 1 1666
22 0 1667
1 0 1668
0 0 1669
12 1 1670
26 0 1671
0 1 1672
12 0 1673
22 0 1674
26 1 1675
23 1 1676
12 1 1677
6 1 1678
7 0 1679
6 0 1680
10 0 1681
15 0 1682
18 1 1683
25 0 1684
13 1 1685
15 1 1686
6 0 1687
17 0 1688
26 1 1689
13 0 1690
15 1 1691
7 1 1692
13 1 1693
22 0 1694
21 0 1695
25 0 1696
3 1 1697
22 1 1698
7 0 1699
17 0 1700
23 0 1701
0 1 1702
24 1 1703
15 1 1704
23 1 1705
27 1 1706
27 0 1707
13 0 1708
9 0 1709
15 1 1710
26 0 1711
21 1 1712
8 1 1713
5 1 1714
12 1 1715
5 0 1716
27 0 1717
16 0 1718
9 1 1719
0 0 1720
25 0 1721
28 1 1722
10 1 1723
18 0 1724
21 0 1725
1 1 1726
27 0 1727
12 1 1728
26 0 1729
22 1 1730
3 1 1731
12 0 1732
15 0 1733
3 0 1734
0 0 1735
25 1 1736
10 1 1737
9 1 1738
2 1 1739
25 0 1740
25 0 1741
2 0 1742
29 1 1743
26 0 1744
16 1 1745
5 1 1746
27 0 1747
3 0 1748
12 1 1749
23 0 1750
17 1 1751
1 1 1752
17 0 1753
24 1 1754
2 0 1755
8 1 1756
22 1 1757
7 0 1758
7 1 1759
26 0 1760
3 1 1761
28 0 1762
13 1 1763
24 0 1764
3 0 1765
14 0 1766
2 0 1767
25 1 1768
26 1 1769
5 1 1770
26 1 1771
4 1 1772
2 0 1773
16 0 1774
23 0 1775
1 1 1776
8 1 1777
5 0 1778
8 1 1779
5 1 1780
19 0 1781
11 0 1782
16 0 1783
27 0 1784
28 1 1785
10 1 1786
6 0 1787
20 1 1788
24 1 1789
0 0 1790
24 0 1791
14 0 1792
11 1 1793
2 1 1794
15 1 1795
13 1 1796
27 0 1797
4 0 1798
5 1 1799
28 0 1800
26 1 1801
15 0 1802
29 1 1803
13 0 1804
27 0 1805
15 0 1806
16 1 1807
9 1 1808
7 0 1809
27 1 1810
8 1 1811
20 0 1812
0 1 1813
5 0 1814
1 0 1815
9 0 1816
6 1 1817
28 0 1818
12 1 1819
6 1 1820
10 0 1821
29 0 1822
27 1 1823
24 1 1824
7 0 1825
12 1 1826
16 0 1827
26 1 1828
0 0 1829
3 1 1830
10 0 1831
9 1 1832
23 1 1833
12 0 1834
23 0 1835
3 1 1836
2 0 1837
13 1 1838
15 0 1839
16 1 1840
15 1 1841
28 0 1842
16 1 1843
23 0 1844
18 1 1845
18 0 1846
9 0 1847
14 1 1848
10 1 1849
28 0 1850
14 0 1851
14 0 1852
29 0 1853
6 0 1854
15 1 1855
3 1 1856
13 1 1857
22 0 1858
26 1 1859
29 0 1860
24 1 1861
11 0 1862
12 1 1863
6 0 1864
1 1 1865
29 1 1866
0 0 1867
13 1 1868
1 1 1869
25 0 1870
27 1 1871
15 0 1872
5 0 1873
8 1 1874
10 0 1875
1 1 1876
24 0 1877
6 0 1878
24 0 1879
20 1 1880
2 1 1881
16 0 1882
18 1 1883
28 1 1884
12 0 1885
27 1 1886
26 1 1887
24 1 1888
9 1 1889
20 0 1890
8 0 1891
8 0 1892
10 0 1893
16 0 1894
5 1 1895
16 0 1896
18 0 1897
21 1 1898
7 1 1899
29 1 1900
2 0 1901
19 1 1902
27 0 1903
19 1 1904
6 1 1905
6 0 1906
8 0 1907
12 1 1908
3 1 1909
13 1 1910
1 0 1911
9 0 1912
28 0 1913
13 0 1914
21 1 1915
28 0 1916
5 1 1917
16 0 1918
16 1 1919
23 1 1920
23 0 1921
3 0 1922
16 1 1923
13 1 1924
28 0 1925
20 1 1926
16 0 1927
21 0 1928
14 1 1929
7 0 1930
23 1 1931
1 1 1932
0 0 1933
15 0 1934
12 1 1935
23 1 1936
4 1 1937
7 1 1938
22 0 1939
19 0 1940
24 0 1941
26 1 1942
3 0 1943
15 1 1944
13 0 1945
9 0 1946
26 0 1947
13 1 1948
15 1 1949
7 0 1950
5 1 1951
22 1 1952
23 0 1953
4 1 1954
4 1 1955
16 0 1956
1 0 1957
21 1 1958
22 1 1959
23 0 1960
13 0 1961
3 1 1962
0 1 1963
16 0 1964
14 0 1965
22 1 1966
24 0 1967
29 0 1968
29 0 1969
1 1 1970
23 1 1971
21 1 1972
13 0 1973
15 1 1974
20 0 1975
25 1 1976
25 0 1977
19 1 1978
13 0 1979
22 1 1980
3 1 1981
13 1 1982
5 0 1983
15 1 1984
5 0 1985
21 0 1986
20 1 1987
1 1 1988
29 0 1989
0 1 1990
9 0 1991
21 0 1992
29 1 1993
24 0 1994
5 1 1995
8 0 1996
5 0 1997
8 0 1998
14 1 1999
23 1 2000
16 0 2001
23 1 2002
15 0 2003
4 0 2004
16 1 2005
15 1 2006
27 0 2007
20 0 2008
15 1 2009
16 0 2010
2 1 2011
23 1 2012
4 1 2013
3 0 2014
4 1 2015
12 0 2016
9 0 2017
12 1 2018
9 0 2019
2 1 2020
23 0 2021
13 1 2022
15 0 2023
3 0 2024
12 1 2025
3 0 2026
5 1 2027
4 1 2028
21 0 2029
27 0 2030
0 1 2031
1 0 2032
17 1 2033
26 1 2034
11 1 2035
23 0 2036
19 0 2037
22 0 2038
22 1 2039
12 0 2040
0 1 2041
24 1 2042
27 0 2043
22 0 2044
0 1 2045
23 1 2046
8 0 2047
16 1 2048
0 0 2049
13 1 2050
15 1 2051
23 0 2052
15 0 2053
29 1 2054
27 1 2055
12 0 2056
4 1 2057
24 0 2058
12 0 2059
12 0 2060
5 1 2061
23 1 2062
14 0 2063
10 1 2064
3 0 2065
10 1 2066
29 0 2067
8 1 2068
23 0 2069
29 0 2070
2 1 2071
17 0 2072
24 0 2073
8 0 2074
28 1 2075
23 1 2076
5 0 2077
15 1 2078
19 0 2079
25 1 2080
0 1 2081
28 0 2082
5 0 2083
11 0 2084
17 1 2085
28 1 2086
29 1 2087
15 0 2088
17 1 2089
8 1 2090
7 1 2091
15 0 2092
25 1 2093
1 0 2094
8 0 2095
8 0 2096
2 1 2097
14 1 2098
24 0 2099
24 1 2100
1 0 2101
2 0 2102
15 1 2103
16 1 2104
10 1 2105
12 0 2106
14 1 2107
0 0 2108
14 0 2109
1 0 2110
17 0 2111
1 1 2112
24 1 2113
28 1 2114
16 0 2115
29 1 2116
16 1 2117
14 0 2118
29 0 2119
8 0 2120
12 1 2121
25 0 2122
14 1 2123
23 0 2124
12 0 2125
29 1 2126
13 1 2127
0 1 2128
7 0 2129
16 1 2130
9 1 2131
28 0 2132
29 1 2133
12 0 2134
29 0 2135
9 0 2136
7 1 2137
29 0 2138
18 1 2139
7 0 2140
15 1 2141
2 1 2142
25 0 2143
4 0 2144
29 1 2145
22 0 2146
7 1 2147
7 1 2148
12 0 2149
12 1 2150
23 0 2151
18 0 2152
7 1 2153
4 0 2154
1 1 2155
12 1 2156
29 0 2157
24 0 2158
28 1 2159
23 0 2160
18 1 2161
26 0 2162
15 1 2163
14 1 2164
2 0 2165
7 1 2166
8 0 2167
4 1 2168
1 1 2169
17 0 2170
28 0 2171
5 1 2172
1 0 2173
27 0 2174
7 0 2175
13 0 2176
17 1 2177
4 1 2178
18 1 2179
21 1 2180
24 1 2181
15 1 2182
0 1 2183
21 0 2184
0 0 2185
0 0 2186
14 0 2187
15 1 2188
25 1 2189
16 0 2190
15 1 2191
13 1 2192
25 0 2193
27 0 2194
22 1 2195
15 0 2196
22 0 2197
27 0 2198
19 1 2199
17 0 2200
23 1 2201
29 1 2202
26 1 2203
4 0 2204
22 0 2205
16 1 2206
24 0 2207
8 1 2208
13 0 2209
19 1 2210
2 0 2211
10 0 2212
8 1 2213
16 1 2214
10 0 2215
0 0 2216
22 1 2217
14 0 2218
1 1 2219
15 0 2220
24 1 2221
1 1 2222
6 1 2223
4 0 2224
1 1 2225
19 0 2226
27 0 2227
23 1 2228
5 0 2229
23 1 2230
24 1 2231
29 1 2232
28 0 2233
9 1 2234
9 0 2235
1 0 2236
15 0 2237
23 0 2238
1 1 2239
13 0 2240
22 1 2241
15 0 2242
29 0 2243
25 1 2244
9 1 2245
12 0 2246
25 1 2247
19 1 2248
19 0 2249
6 1 2250
6 1 2251
18 0 2252
29 0 2253
3 1 2254
29 1 2255
12 0 2256
28 0 2257
29 1 2258
6 1 2259
19 0 2260
2 1 2261
24 0 2262
8 0 2263
22 1 2264
18 0 2265
19 1 2266
9 0 2267
10 0 2268
3 1 2269
4 1 2270
2 0 2271
12 1 2272
13 0 2273
13 1 2274
16 1 2275
1 0 2276
13 0 2277
28 1 2278
25 0 2279
21 1 2280
22 0 2281
0 1 2282
12 0 2283
4 0 2284
19 1 2285
2 0 2286
20 1 2287
22 1 2288
1 1 2289
4 0 2290
5 1 2291
22 0 2292
26 0 2293
22 0 2294
29 0 2295
17 1 2296
17 1 2297
20 0 2298
24 1 2299
6 1 2300
11 1 2301
26 0 2302
6 1 2303
7 1 2304
21 0 2305
19 0 2306
11 1 2307
2 1 2308
22 0 2309
29 0 2310
10 1 2311
14 1 2312
17 0 2313
0 1 2314
8 0 2315
13 0 2316
22 0 2317
8 1 2318
7 1 2319
8 0 2320
19 0 2321
6 1 2322
1 0 2323
3 1 2324
4 0 2325
25 1 2326
4 0 2327
20 1 2328
2 0 2329
25 0 2330
14 1 2331
2 0 2332
12 1 2333
1 1 2334
24 0 2335
2 1 2336
28 1 2337
12 0 2338
20 0 2339
15 0 2340
5 1 2341
15 1 2342
15 0 2343
7 1 2344
24 0 2345
11 1 2346
5 1 2347
10 0 2348
3 1 2349
7 0 2350
7 1 2351
11 0 2352
2 0 2353
29 1 2354
16 0 2355
23 0 2356
29 1 2357
28 0 2358
8 0 2359
13 1 2360
3 1 2361
16 1 2362
20 1 2363
20 0 2364
2 1 2365
7 0 2366
16 1 2367
11 0 2368
28 0 2369
0 0 2370
12 1 2371
2 0 2372
18 1 2373
21 1 2374
18 0 2375
4 0 2376
6 1 2377
18 1 2378
0 0 2379
0 1 2380
26 1 2381
0 0 2382
21 0 2383
25 1 2384
16 0 2385
25 1 2386
7 1 2387
3 0 2388
26 0 2389
20 1 2390
19 1 2391
11 0 2392
6 0 2393
29 0 2394
11 1 2395
21 1 2396
2 1 2397
27 1 2398
17 0 2399
27 0 2400
11 0 2401
0 1 2402
23 1 2403
19 0 2404
5 1 2405
1 0 2406
5 1 2407
22 0 2408
13 1 2409
15 0 2410
1 0 2411
5 0 2412
12 1 2413
7 1 2414
6 0 2415
16 1 2416
0 0 2417
11 1 2418
24 0 2419
28 1 2420
5 0 2421
12 1 2422
20 1 2423
16 0 2424
15 0 2425
17 1 2426
29 0 2427
20 0 2428
9 1 2429
6 0 2430
26 0 2431
6 1 2432
23 1 2433
22 1 2434
7 1 2435
0 1 2436
29 0 2437
23 0 2438
12 0 2439
1 0 2440
7 1 2441
13 1 2442
29 0 2443
23 0 2444
0 1 2445
3 1 2446
17 1 2447
16 0 2448
13 0 2449
12 0 2450
4 1 2451
25 0 2452
19 1 2453
13 1 2454
2 1 2455
23 0 2456
14 0 2457
15 1 2458
24 1 2459
5 0 2460
0 0 2461
21 1 2462
29 0 2463
2 1 2464
20 1 2465
5 0 2466
13 0 2467
17 0 2468
16 1 2469
14 0 2470
24 1 2471
16 1 2472
25 0 2473
22 0 2474
23 1 2475
28 1 2476
24 1 2477
4 0 2478
2 0 2479
20 0 2480
8 1 2481
11 1 2482
29 0 2483
11 0 2484
16 0 2485
5 0 2486
15 1 2487
3 1 2488
21 1 2489
23 1 2490
4 1 2491
11 0 2492
9 0 2493
21 0 2494
20 0 2495
16 0 2496
7 0 2497
24 1 2498
23 1 2499
15 1 2500
26 0 2501
0 1 2502
5 1 2503
1 0 2504
24 1 2505
12 1 2506
6 0 2507
1 1 2508
17 0 2509
24 0 2510
25 1 2511
20 1 2512
12 0 2513
4 1 2514
13 1 2515
19 0 2516
4 0 2517
22 1 2518
24 0 2519
25 1 2520
29 1 2521
15 0 2522
18 0 2523
15 0 2524
20 0 2525
24 1 2526
14 1 2527
18 1 2528
12 0 2529
16 0 2530
11 1 2531
27 1 2532
11 0 2533
29 1 2534
1 1 2535
25 0 2536
5 0 2537
5 1 2538
4 1 2539
27 0 2540
27 1 2541
13 0 2542
28 0 2543
13 1 2544
3 0 2545
18 0 2546
11 1 2547
7 0 2548
25 0 2549
21 1 2550
22 1 2551
15 1 2552
7 1 2553
13 0 2554
29 1 2555
4 0 2556
2 0 2557
26 0 2558
20 1 2559
14 1 2560
7 0 2561
19 1 2562
11 1 2563
8 0 2564
19 0 2565
6 1 2566
21 1 2567
26 0 2568
15 1 2569
16 0 2570
13 0 2571
21 1 2572
27 0 2573
22 1 2574
13 1 2575
11 0 2576
28 1 2577
25 0 2578
5 0 2579
20 0 2580
11 1 2581
26 0 2582
2 1 2583
4 0 2584
25 1 2585
13 0 2586
8 1 2587
26 0 2588
23 1 2589
15 1 2590
25 0 2591
28 0 2592
2 0 2593
25 1 2594
10 1 2595
25 1 2596
13 0 2597
15 1 2598
8 0 2599
13 0 2600
7 1 2601
1 0 2602
8 1 2603
24 1 2604
10 0 2605
5 1 2606
2 0 2607
29 0 2608
19 1 2609
21 1 2610
22 0 2611
24 0 2612
20 1 2613
11 1 2614
11 0 2615
28 1 2616
3 0 2617
16 0 2618
4 1 2619
8 0 2620
13 0 2621
19 1 2622
5 1 2623
20 0 2624
14 1 2625
19 1 2626
14 0 2627
12 1 2628
3 0 2629
17 1 2630
16 0 2631
16 1 2632
12 0 2633
21 0 2634
24 1 2635
10 1 2636
10 0 2637
19 1 2638
29 0 2639
11 0 2640
9 1 2641
15 1 2642
27 1 2643
7 0 2644
0 1 2645
13 0 2646
2 1 2647
2 1 2648
25 0 2649
13 0 2650
25 0 2651
6 1 2652
12 1 2653
11 0 2654
1 1 2655
23 0 2656
1 1 2657
12 1 2658
2 0 2659
20 1 2660
6 0 2661
0 0 2662
18 1 2663
10 1 2664
3 0 2665
10 1 2666
28 0 2667
24 1 2668
17 0 2669
16 0 2670
14 0 2671
26 0 2672
26 1 2673
14 1 2674
23 0 2675
27 0 2676
22 1 2677
6 1 2678
16 1 2679
25 1 2680
24 0 2681
7 0 2682
24 1 2683
3 0 2684
3 0 2685
0 1 2686
21 0 2687
18 0 2688
18 1 2689
7 1 2690
5 1 2691
9 0 2692
12 0 2693
1 1 2694
0 1 2695
25 0 2696
24 0 2697
26 1 2698
6 0 2699
16 1 2700
6 0 2701
2 1 2702
2 0 2703
20 0 2704
14 1 2705
28 1 2706
29 0 2707
6 0 2708
10 1 2709
0 1 2710
6 0 2711
6 1 2712
19 0 2713
24 1 2714
10 0 2715
14 0 2716
27 1 2717
23 0 2718
5 1 2719
11 1 2720
14 1 2721
18 0 2722
24 1 2723
12 1 2724
20 1 2725
19 0 2726
0 0 2727
19 0 2728
10 1 2729
3 1 2730
19 1 2731
13 0 2732
28 0 2733
18 1 2734
13 1 2735
20 0 2736
5 0 2737
24 0 2738
24 0 2739
18 1 2740
28 1 2741
22 0 2742
12 1 2743
5 1 2744
5 0 2745
26 0 2746
24 0 2747
15 0 2748
10 1 2749
1 0 2750
24 1 2751
5 0 2752
17 1 2753
17 0 2754
14 1 2755
8 1 2756
10 1 2757
8 0 2758
16 0 2759
10 0 2760
15 1 2761
12 0 2762
14 1 2763
16 0 2764
8 1 2765
24 0 2766
5 0 2767
19 1 2768
13 1 2769
10 1 2770
4 0 2771
8 1 2772
20 1 2773
8 0 2774
6 0 2775
16 1 2776
1 0 2777
10 1 2778
2 1 2779
14 0 2780
21 0 2781
14 1 2782
23 0 2783
21 0 2784
13 1 2785
25 1 2786
11 0 2787
28 1 2788
13 0 2789
10 1 2790
28 0 2791
22 1 2792
1 0 2793
2 1 2794
6 0 2795
13 0 2796
29 1 2797
0 0 2798
19 1 2799
7 0 2800
24 0 2801
27 1 2802
11 1 2803
10 1 2804
11 0 2805
15 1 2806
14 1 2807
5 0 2808
29 1 2809
1 1 2810
15 0 2811
18 0 2812
21 0 2813
2 0 2814
13 1 2815
6 1 2816
22 0 2817
26 0 2818
13 0 2819
20 1 2820
19 1 2821
25 0 2822
22 1 2823
22 1 2824
5 1 2825
16 0 2826
25 1 2827
22 0 2828
17 1 2829
2 0 2830
2 1 2831
20 0 2832
10 0 2833
29 0 2834
21 0 2835
15 1 2836
24 1 2837
12 0 2838
2 1 2839
21 1 2840
1 0 2841
11 1 2842
0 0 2843
27 1 2844
18 0 2845
20 0 2846
7 1 2847
22 1 2848
9 1 2849
29 0 2850
5 0 2851
15 0 2852
16 1 2853
12 0 2854
11 1 2855
0 1 2856
14 0 2857
24 1 2858
14 0 2859
13 1 2860
9 1 2861
19 0 2862
14 0 2863
14 0 2864
5 1 2865
24 1 2866
20 1 2867
25 0 2868
20 0 2869
23 1 2870
3 0 2871
16 1 2872
1 1 2873
24 0 2874
24 0 2875
17 0 2876
5 1 2877
0 1 2878
7 0 2879
2 0 2880
28 1 2881
23 0 2882
29 1 2883
14 0 2884
10 1 2885
28 0 2886
1 1 2887
27 1 2888
24 0 2889
25 1 2890
2 0 2891
21 0 2892
25 1 2893
20 1 2894
6 0 2895
16 0 2896
19 1 2897
5 1 2898
20 0 2899
27 0 2900
26 1 2901
0 0 2902
29 1 2903
24 0 2904
25 1 2905
8 1 2906
2 0 2907
23 1 2908
6 1 2909
11 0 2910
27 0 2911
29 0 2912
20 1 2913
23 0 2914
11 1 2915
19 1 2916
21 1 2917
25 0 2918
22 1 2919
13 0 2920
22 0 2921
17 1 2922
6 0 2923
12 1 2924
1 0 2925
8 1 2926
10 0 2927
13 1 2928
20 0 2929
10 0 2930
14 1 2931
27 0 2932
15 1 2933
6 0 2934
3 1 2935
22 0 2936
20 1 2937
18 1 2938
3 0 2939
16 0 2940
17 1 2941
12 0 2942
17 1 2943
15 0 2944
23 1 2945
10 0 2946
16 1 2947
18 1 2948
5 0 2949
24 0 2950
15 1 2951
11 1 2952
13 0 2953
27 0 2954
17 1 2955
1 1 2956
22 0 2957
25 0 2958
2 1 2959
3 1 2960
1 0 2961
26 1 2962
23 0 2963
20 1 2964
10 0 2965
26 1 2966
24 1 2967
9 0 2968
19 1 2969
18 1 2970
24 0 2971
22 0 2972
17 1 2973
0 0 2974
13 0 2975
8 0 2976
26 1 2977
17 1 2978
22 0 2979
24 0 2980
28 1 2981
1 0 2982
0 1 2983
7 1 2984
14 1 2985
19 0 2986
22 1 2987
9 0 2988
28 0 2989
23 1 2990
15 0 2991
10 0 2992
1 1 2993
10 0 2994
28 1 2995
28 1 2996
8 1 2997
6 0 2998
8 0 2999
1 1 3000
25 0 3001
6 1 3002
6 0 3003
25 1 3004
24 1 3005
21 0 3006
25 0 3007
16 0 3008
19 1 3009
26 1 3010
25 1 3011
28 0 3012
3 1 3013
1 0 3014
3 1 3015
7 0 3016
10 0 3017
23 1 3018
13 0 3019
10 0 3020
23 1 3021
24 0 3022
6 1 3023
20 1 3024
19 0 3025
6 0 3026
25 0 3027
15 1 3028
29 1 3029
8 0 3030
2 1 3031
21 1 3032
20 0 3033
13 0 3034
28 1 3035
22 1 3036
20 1 3037
18 0 3038
13 0 3039
26 0 3040
10 1 3041
5 1 3042
4 1 3043
24 0 3044
2 1 3045
28 0 3046
4 1 3047
14 0 3048
26 0 3049
9 1 3050
21 0 3051
23 1 3052
5 0 3053
18 1 3054
27 1 3055
29 0 3056
10 0 3057
11 0 3058
4 1 3059
20 1 3060
4 0 3061
19 1 3062
13 1 3063
28 0 3064
29 1 3065
5 0 3066
26 0 3067
28 0 3068
25 1 3069
23 0 3070
23 0 3071
26 0 3072
28 1 3073
17 1 3074
24 1 3075
20 0 3076
2 0 3077
1 1 3078
18 1 3079
2 0 3080
12 1 3081
27 1 3082
22 0 3083
26 1 3084
22 1 3085
28 0 3086
25 0 3087
5 0 3088
4 1 3089
29 0 3090
12 1 3091
8 0 3092
8 1 3093
21 1 3094
29 0 3095
9 0 3096
6 1 3097
1 0 3098
28 0 3099
25 1 3100
13 1 3101
10 1 3102
3 1 3103
23 0 3104
9 1 3105
8 0 3106
3 0 3107
16 1 3108
22 0 3109
12 1 3110
11 0 3111
23 0 3112
4 1 3113
3 1 3114
19 0 3115
1 1 3116
18 0 3117
26 1 3118
17 0 3119
11 0 3120
28 1 3121
4 0 3122
20 1 3123
29 0 3124
15 1 3125
9 1 3126
9 0 3127
14 1 3128
22 0 3129
15 1 3130
18 0 3131
28 1 3132
11 1 3133
15 0 3134
0 1 3135
28 0 3136
10 0 3137
10 1 3138
29 0 3139
10 1 3140
6 1 3141
15 0 3142
17 1 3143
10 0 3144
16 0 3145
7 1 3146
10 0 3147
14 1 3148
7 1 3149
17 1 3150
4 0 3151
22 0 3152
4 0 3153
21 1 3154
21 1 3155
2 0 3156
25 1 3157
4 0 3158
11 0 3159
14 1 3160
22 1 3161
19 0 3162
22 1 3163
6 0 3164
15 0 3165
1 0 3166
23 1 3167
12 0 3168
1 0 3169
18 1 3170
1 1 3171
15 1 3172
14 0 3173
3 1 3174
0 0 3175
28 0 3176
18 1 3177
17 0 3178
25 1 3179
20 1 3180
21 0 3181
29 1 3182
28 1 3183
19 0 3184
24 0 3185
24 1 3186
1 1 3187
15 0 3188
1 0 3189
28 1 3190
18 1 3191
3 0 3192
6 1 3193
17 0 3194
23 0 3195
10 1 3196
1 1 3197
9 0 3198
25 0 3199
21 0 3200
13 1 3201
16 1 3202
17 1 3203
19 0 3204
19 1 3205
21 0 3206
2 1 3207
5 0 3208
5 0 3209
19 1 3210
19 0 3211
2 0 3212
8 1 3213
7 0 3214
8 1 3215
17 0 3216
4 1 3217
15 1 3218
24 0 3219
28 1 3220
25 0 3221
0 1 3222
12 1 3223
10 0 3224
5 1 3225
1 0 3226
4 0 3227
29 1 3228
26 0 3229
17 1 3230
12 0 3231
12 1 3232
26 0 3233
16 1 3234
0 0 3235
10 1 3236
10 1 3237
12 0 3238
18 0 3239
25 0 3240
7 1 3241
10 0 3242
9 1 3243
9 1 3244
17 0 3245
28 0 3246
2 1 3247
8 0 3248
2 1 3249
25 1 3250
7 0 3251
10 0 3252
6 0 3253
5 1 3254
21 1 3255
1 1 3256
15 0 3257
19 1 3258
20 0 3259
0 0 3260
1 1 3261
6 1 3262
18 0 3263
25 0 3264
4 1 3265
21 1 3266
21 0 3267
18 1 3268
19 0 3269
13 1 3270
20 0 3271
17 1 3272
2 0 3273
1 0 3274
12 1 3275
11 1 3276
13 0 3277
10 1 3278
3 0 3279
4 1 3280
27 0 3281
8 0 3282
21 1 3283
28 1 3284
0 1 3285
4 0 3286
10 1 3287
13 0 3288
13 0 3289
4 0 3290
5 1 3291
3 1 3292
23 1 3293
13 0 3294
26 0 3295
15 1 3296
12 0 3297
18 1 3298
26 1 3299
9 0 3300
0 0 3301
0 1 3302
29 0 3303
15 0 3304
25 1 3305
8 1 3306
0 0 3307
27 1 3308
13 1 3309
6 1 3310
18 0 3311
2 0 3312
18 1 3313
3 0 3314
25 0 3315
3 0 3316
23 0 3317
28 1 3318
21 0 3319
7 1 3320
3 1 3321
22 0 3322
17 0 3323
26 0 3324
1 1 3325
2 1 3326
0 1 3327
4 1 3328
2 0 3329
6 0 3330
17 1 3331
12 1 3332
21 0 3333
10 1 3334
10 0 3335
24 0 3336
13 1 3337
22 0 3338
17 1 3339
25 1 3340
19 0 3341
14 1 3342
17 0 3343
1 1 3344
29 1 3345
1 0 3346
28 0 3347
28 0 3348
10 0 3349
23 1 3350
12 1 3351
24 1 3352
20 1 3353
18 0 3354
14 0 3355
1 1 3356
24 1 3357
1 0 3358
23 1 3359
20 0 3360
10 0 3361
28 1 3362
6 0 3363
24 1 3364
27 0 3365
16 1 3366
1 0 3367
15 0 3368
6 1 3369
4 0 3370
25 1 3371
25 1 3372
15 1 3373
16 0 3374
12 0 3375
19 1 3376
27 0 3377
23 1 3378
8 1 3379
29 0 3380
17 1 3381
17 0 3382
21 1 3383
1 0 3384
7 0 3385
5 0 3386
5 1 3387
3 1 3388
14 0 3389
27 1 3390
6 0 3391
1 1 3392
26 1 3393
24 0 3394
1 1 3395
14 0 3396
8 1 3397
13 0 3398
29 0 3399
8 1 3400
11 0 3401
20 0 3402
6 0 3403
29 1 3404
15 0 3405
4 1 3406
17 1 3407
1 0 3408
29 1 3409
15 1 3410
7 0 3411
16 0 3412
20 0 3413
19 1 3414
23 1 3415
27 0 3416
15 1 3417
27 1 3418
18 1 3419
25 0 3420
8 0 3421
9 0 3422
27 1 3423
12 1 3424
26 1 3425
8 1 3426
21 0 3427
4 1 3428
25 0 3429
17 0 3430
28 1 3431
1 0 3432
17 1 3433
3 0 3434
19 1 3435
0 0 3436
9 1 3437
3 0 3438
7 1 3439
12 0 3440
0 0 3441
13 1 3442
22 1 3443
27 0 3444
24 0 3445
26 0 3446
15 0 3447
3 1 3448
10 1 3449
20 1 3450
29 0 3451
1 1 3452
2 1 3453
25 0 3454
8 0 3455
9 1 3456
19 1 3457
15 0 3458
15 0 3459
16 1 3460
17 1 3461
0 1 3462
12 0 3463
8 0 3464
9 0 3465
2 1 3466
10 1 3467
22 0 3468
16 1 3469
20 0 3470
16 0 3471
12 0 3472
11 1 3473
1 1 3474
2 1 3475
29 0 3476
12 0 3477
11 0 3478
8 1 3479
7 0 3480
21 1 3481
12 1 3482
11 1 3483
28 0 3484
13 0 3485
8 0 3486
26 1 3487
26 0 3488
2 1 3489
28 1 3490
13 0 3491
20 1 3492
12 1 3493
2 1 3494
17 0 3495
10 0 3496
7 1 3497
27 0 3498
4 1 3499
12 0 3500
29 0 3501
9 0 3502
20 1 3503
6 1 3504
10 0 3505
1 0 3506
8 0 3507
0 1 3508
18 1 3509
24 1 3510
17 1 3511
3 0 3512
4 0 3513
8 1 3514
3 1 3515
18 0 3516
3 1 3517
3 1 3518
20 0 3519
15 0 3520
2 1 3521
0 0 3522
11 0 3523
26 1 3524
15 0 3525
23 0 3526
26 1 3527
24 0 3528
8 1 3529
17 1 3530
12 0 3531
3 1 3532
14 1 3533
24 0 3534
1 0 3535
27 1 3536
13 1 3537
27 0 3538
3 1 3539
12 1 3540
23 0 3541
11 1 3542
16 1 3543
7 0 3544
3 0 3545
26 0 3546
2 0 3547
3 1 3548
23 0 3549
15 1 3550
2 1 3551
5 1 3552
20 0 3553
5 0 3554
5 0 3555
17 1 3556
15 1 3557
17 0 3558
18 1 3559
13 0 3560
4 0 3561
15 1 3562
11 0 3563
21 1 3564
21 0 3565
8 1 3566
4 0 3567
8 1 3568
14 0 3569
26 1 3570
28 1 3571
27 1 3572
26 0 3573
27 0 3574
26 0 3575
13 1 3576
8 0 3577
10 1 3578
23 0 3579
29 1 3580
18 0 3581
20 1 3582
14 0 3583
18 0 3584
23 1 3585
6 0 3586
8 0 3587
16 1 3588
3 1 3589
26 1 3590
2 1 3591
29 0 3592
20 0 3593
8 0 3594
25 1 3595
27 1 3596
19 0 3597
21 0 3598
16 1 3599
15 1 3600
0 0 3601
13 1 3602
28 1 3603
18 0 3604
1 0 3605
4 1 3606
4 0 3607
3 1 3608
15 1 3609
20 0 3610
29 1 3611
19 0 3612
23 0 3613
5 1 3614
18 0 3615
10 1 3616
16 1 3617
4 1 3618
25 0 3619
16 1 3620
18 1 3621
29 0 3622
2 0 3623
5 0 3624
14 0 3625
0 1 3626
24 0 3627
13 0 3628
21 1 3629
18 1 3630
13 0 3631
15 1 3632
1 1 3633
4 0 3634
4 1 3635
27 0 3636
1 0 3637
16 0 3638
26 1 3639
4 0 3640
15 0 3641
14 1 3642
8 1 3643
7 1 3644
26 0 3645
28 1 3646
18 1 3647
18 0 3648
11 1 3649
10 0 3650
14 0 3651
6 1 3652
12 0 3653
7 1 3654
3 0 3655
2 0 3656
26 1 3657
3 0 3658
7 1 3659
0 0 3660
1 1 3661
23 1 3662
8 1 3663
16 0 3664
25 1 3665
3 0 3666
17 1 3667
15 1 3668
21 0 3669
0 0 3670
17 0 3671
25 0 3672
5 0 3673
19 1 3674
26 0 3675
28 1 3676
4 1 3677
16 1 3678
6 1 3679
19 0 3680
22 1 3681
3 0 3682
10 1 3683
26 0 3684
18 1 3685
5 0 3686
16 0 3687
16 0 3688
3 1 3689
25 1 3690
1 1 3691
0 0 3692
11 0 3693
12 1 3694
4 1 3695
18 0 3696
25 0 3697
6 0 3698
2 0 3699
16 1 3700
6 1 3701
4 1 3702
19 0 3703
7 1 3704
0 0 3705
4 0 3706
0 0 3707
24 1 3708
0 1 3709
29 1 3710
0 1 3711
0 1 3712
2 0 3713
18 1 3714
24 0 3715
2 0 3716
20 1 3717
29 0 3718
4 1 3719
7 0 3720
18 0 3721
28 0 3722
11 1 3723
11 1 3724
23 0 3725
4 1 3726
27 1 3727
10 0 3728
1 0 3729
18 0 3730
15 1 3731
8 0 3732
14 1 3733
16 1 3734
10 0 3735
15 1 3736
14 0 3737
6 1 3738
11 0 3739
28 0 3740
9 1 3741
3 0 3742
22 0 3743
19 1 3744
27 0 3745
1 0 3746
25 1 3747
23 1 3748
12 1 3749
0 0 3750
12 1 3751
17 1 3752
3 0 3753
18 1 3754
12 1 3755
9 0 3756
6 0 3757
22 1 3758
25 1 3759
11 0 3760
4 0 3761
18 0 3762
15 1 3763
12 1 3764
1 0 3765
20 0 3766
12 0 3767
9 1 3768
11 1 3769
14 1 3770
7 0 3771
13 1 3772
7 1 3773
13 0 3774
12 0 3775
1 1 3776
27 1 3777
18 0 3778
7 0 3779
3 0 3780
12 1 3781
17 1 3782
28 1 3783
12 0 3784
1 0 3785
12 1 3786
11 1 3787
9 0 3788
2 0 3789
0 0 3790
5 1 3791
1 0 3792
26 1 3793
5 0 3794
16 0 3795
22 0 3796
23 1 3797
1 1 3798
6 1 3799
4 1 3800
8 1 3801
15 0 3802
7 1 3803
19 1 3804
28 0 3805
8 0 3806
23 0 3807
19 0 3808
26 1 3809
20 1 3810
25 1 3811
3 0 3812
3 1 3813
1 0 3814
7 0 3815
18 1 3816
27 1 3817
0 0 3818
4 1 3819
16 0 3820
4 0 3821
23 0 3822
19 1 3823
29 1 3824
24 1 3825
18 0 3826
6 0 3827
28 1 3828
15 0 3829
27 1 3830
18 1 3831
7 0 3832
17 0 3833
15 1 3834
15 0 3835
4 0 3836
6 1 3837
15 1 3838
7 0 3839
8 1 3840
24 0 3841
28 1 3842
14 0 3843
6 0 3844
3 0 3845
4 1 3846
22 1 3847
17 1 3848
16 0 3849
22 1 3850
6 0 3851
17 1 3852
6 0 3853
28 1 3854
9 1 3855
16 0 3856
17 0 3857
8 0 3858
17 1 3859
3 1 3860
10 1 3861
22 1 3862
29 0 3863
18 0 3864
28 1 3865
17 0 3866
2 1 3867
27 0 3868
15 0 3869
9 0 3870
21 1 3871
11 0 3872
15 1 3873
6 1 3874
15 0 3875
23 1 3876
1 0 3877
25 0 3878
29 1 3879
12 0 3880
24 1 3881
22 1 3882
18 1 3883
17 1 3884
29 0 3885
7 0 3886
26 0 3887
1 1 3888
12 0 3889
11 1 3890
3 1 3891
12 0 3892
5 1 3893
17 0 3894
6 1 3895
15 0 3896
3 0 3897
8 1 3898
28 1 3899
23 1 3900
4 0 3901
12 0 3902
11 1 3903
10 0 3904
17 0 3905
15 1 3906
0 1 3907
1 0 3908
8 0 3909
28 0 3910
7 1 3911
9 1 3912
9 1 3913
1 0 3914
0 1 3915
7 0 3916
27 0 3917
3 1 3918
28 1 3919
21 0 3920
5 0 3921
23 0 3922
18 1 3923
3 1 3924
6 1 3925
16 0 3926
26 0 3927
19 1 3928
7 0 3929
0 1 3930
28 1 3931
13 1 3932
7 0 3933
9 0 3934
19 0 3935
3 0 3936
17 0 3937
11 0 3938
2 1 3939
25 1 3940
29 1 3941
24 1 3942
24 1 3943
8 1 3944
13 0 3945
25 0 3946
17 1 3947
19 0 3948
23 0 3949
29 0 3950
26 1 3951
16 0 3952
2 1 3953
25 0 3954
26 1 3955
12 1 3956
2 0 3957
21 1 3958
22 0 3959
29 1 3960
19 0 3961
11 1 3962
3 1 3963
17 0 3964
18 1 3965
11 1 3966
24 0 3967
28 0 3968
20 0 3969
9 1 3970
9 0 3971
13 1 3972
12 0 3973
8 0 3974
5 1 3975
7 1 3976
3 0 3977
26 0 3978
6 1 3979
0 1 3980
4 0 3981
19 1 3982
9 1 3983
9 0 3984
6 0 3985
15 0 3986
14 1 3987
13 0 3988
13 1 3989
25 0 3990
11 1 3991
11 1 3992
27 1 3993
27 0 3994
9 0 3995
14 1 3996
14 1 3997
8 0 3998
26 0 3999
28 0 4000
17 1 4001
8 0 4002
19 1 4003
5 0 4004
2 1 4005
3 1 4006
14 1 4007
1 1 4008
27 0 4009
3 0 4010
15 1 4011
1 0 4012
19 0 4013
21 1 4014
24 0 4015
16 1 4016
6 1 4017
29 0 4018
7 0 4019
13 0 4020
6 0 4021
3 1 4022
2 0 4023
8 1 4024
17 0 4025
22 1 4026
10 1 4027
13 1 4028
28 0 4029
3 0 4030
1 1 4031
7 1 4032
7 0 4033
18 1 4034
18 1 4035
17 0 4036
14 1 4037
21 0 4038
14 0 4039
8 0 4040
18 0 4041
1 1 4042
3 0 4043
26 1 4044
25 1 4045
17 0 4046
14 1 4047
23 1 4048
3 0 4049
21 1 4050
11 0 4051
15 0 4052
13 1 4053
24 0 4054
6 1 4055
0 1 4056
3 1 4057
4 0 4058
4 0 4059
0 1 4060
6 0 4061
22 0 4062
20 1 4063
14 0 4064
29 1 4065
20 0 4066
0 1 4067
18 1 4068
28 0 4069
19 1 4070
27 1 4071
22 0 4072
0 0 4073
28 1 4074
25 1 4075
9 1 4076
26 0 4077
23 0 4078
25 0 4079
3 0 4080
1 1 4081
12 1 4082
28 1 4083
0 0 4084
18 1 4085
1 0 4086
24 1 4087
8 0 4088
29 1 4089
7 0 4090
24 1 4091
24 0 4092
5 1 4093
3 0 4094
17 0 4095
27 1 4096
13 1 4097
12 0 4098
27 1 4099
21 0 4100
11 0 4101
15 1 4102
17 1 4103
5 0 4104
11 1 4105
14 0 4106
26 1 4107
18 0 4108
27 1 4109
13 0 4110
20 1 4111
2 0 4112
21 0 4113
22 0 4114
20 1 4115
3 1 4116
13 1 4117
18 1 4118
1 0 4119
3 0 4120
16 0 4121
17 1 4122
25 1 4123
6 0 4124
19 1 4125
28 0 4126
6 0 4127
1 0 4128
20 1 4129
0 1 4130
18 0 4131
4 1 4132
28 0 4133
20 1 4134
19 0 4135
13 1 4136
26 0 4137
19 0 4138
4 1 4139
21 1 4140
2 0 4141
19 0 4142
20 1 4143
22 1 4144
4 1 4145
2 0 4146
18 1 4147
19 0 4148
4 0 4149
27 1 4150
29 0 4151
11 1 4152
24 0 4153
2 1 4154
27 0 4155
14 0 4156
21 1 4157
27 1 4158
25 0 4159
2 0 4160
4 1 4161
6 1 4162
14 0 4163
11 1 4164
18 0 4165
10 0 4166
13 1 4167
15 1 4168
13 0 4169
3 1 4170
0 0 4171
20 0 4172
26 1 4173
4 1 4174
11 0 4175
28 1 4176
23 1 4177
15 0 4178
4 0 4179
22 1 4180
22 0 4181
18 0 4182
19 1 4183
28 1 4184
20 0 4185
13 0 4186
27 1 4187
21 1 4188
0 1 4189
14 0 4190
2 1 4191
7 0 4192
10 1 4193
6 0 4194
0 0 4195
3 1 4196
4 1 4197
2 0 4198
7 0 4199
5 1 4200
29 0 4201
9 1 4202
19 0 4203
9 1 4204
25 1 4205
18 0 4206
18 0 4207
3 1 4208
27 1 4209
3 0 4210
4 1 4211
5 0 4212
7 1 4213
13 0 4214
28 0 4215
22 0 4216
6 1 4217
3 0 4218
0 0 4219
21 1 4220
7 1 4221
22 1 4222
6 1 4223
11 0 4224
3 0 4225
13 0 4226
19 1 4227
20 0 4228
11 1 4229
18 0 4230
13 1 4231
24 1 4232
4 1 4233
28 0 4234
26 1 4235
28 1 4236
24 0 4237
15 0 4238
23 0 4239
19 0 4240
1 1 4241
23 1 4242
21 0 4243
1 1 4244
26 0 4245
21 0 4246
6 1 4247
1 0 4248
9 0 4249
21 0 4250
12 1 4251
8 1 4252
15 1 4253
26 1 4254
28 1 4255
27 0 4256
12 0 4257
22 0 4258
2 1 4259
15 1 4260
1 0 4261
17 0 4262
4 1 4263
13 1 4264
27 0 4265
19 1 4266
21 0 4267
15 1 4268
4 0 4269
10 0 4270
8 1 4271
23 1 4272
20 0 4273
13 0 4274
9 1 4275
7 0 4276
25 1 4277
4 1 4278
7 1 4279
7 0 4280
4 1 4281
4 0 4282
19 0 4283
0 0 4284
28 1 4285
19 1 4286
24 1 4287
22 0 4288
18 0 4289
8 0 4290
0 1 4291
22 1 4292
25 1 4293
1 1 4294
19 0 4295
6 0 4296
14 1 4297
7 0 4298
11 0 4299
14 1 4300
28 0 4301
14 0 4302
27 1 4303
25 1 4304
1 1 4305
26 0 4306
0 1 4307
14 0 4308
22 0 4309
28 1 4310
9 0 4311
2 1 4312
0 0 4313
0 1 4314
3 0 4315
4 1 4316
13 0 4317
23 0 4318
21 1 4319
5 1 4320
4 0 4321
7 1 4322
19 0 4323
7 1 4324
23 1 4325
7 0 4326
6 0 4327
13 1 4328
12 1 4329
11 0 4330
13 0 4331
19 0 4332
10 1 4333
13 1 4334
23 0 4335
1 1 4336
5 0 4337
3 1 4338
25 1 4339
1 0 4340
0 0 4341
24 0 4342
27 1 4343
26 0 4344
29 1 4345
2 1 4346
28 1 4347
0 0 4348
29 0 4349
1 1 4350
7 0 4351
14 1 4352
5 1 4353
2 1 4354
3 0 4355
17 1 4356
27 0 4357
6 0 4358
9 1 4359
28 0 4360
18 1 4361
9 0 4362
25 0 4363
23 0 4364
3 1 4365
22 1 4366
11 1 4367
26 0 4368
9 0 4369
14 1 4370
5 0 4371
20 0 4372
28 0 4373
8 1 4374
18 1 4375
17 1 4376
3 1 4377
14 0 4378
17 1 4379
14 0 4380
22 0 4381
11 0 4382
16 1 4383
20 1 4384
0 0 4385
1 0 4386
10 1 4387
0 1 4388
11 0 4389
19 0 4390
18 1 4391
15 1 4392
8 1 4393
25 0 4394
4 0 4395
19 1 4396
4 0 4397
6 1 4398
8 1 4399
22 1 4400
4 1 4401
1 0 4402
0 0 4403
21 0 4404
11 0 4405
3 1 4406
2 1 4407
10 0 4408
17 0 4409
27 0 4410
11 1 4411
22 0 4412
7 1 4413
4 1 4414
16 0 4415
26 1 4416
11 0 4417
27 0 4418
1 0 4419
2 0 4420
14 1 4421
5 1 4422
8 1 4423
2 0 4424
0 1 4425
1 1 4426
25 0 4427
5 1 4428
18 0 4429
12 0 4430
5 0 4431
13 1 4432
21 1 4433
29 1 4434
14 0 4435
16 1 4436
27 1 4437
10 0 4438
4 1 4439
3 0 4440
20 0 4441
8 0 4442
8 0 4443
24 1 4444
29 1 4445
25 1 4446
21 1 4447
16 0 4448
24 0 4449
0 1 4450
5 1 4451
1 0 4452
17 0 4453
15 0 4454
11 0 4455
19 1 4456
24 1 4457
24 0 4458
13 1 4459
13 0 4460
17 1 4461
19 0 4462
14 1 4463
8 1 4464
25 0 4465
0 0 4466
23 1 4467
23 1 4468
11 0 4469
0 0 4470
25 0 4471
7 1 4472
28 1 4473
25 0 4474
1 1 4475
6 1 4476
21 0 4477
20 1 4478
2 0 4479
5 0 4480
4 0 4481
14 1 4482
14 1 4483
19 0 4484
3 0 4485
21 1 4486
22 1 4487
10 1 4488
13 1 4489
8 0 4490
14 0 4491
1 1 4492
4 1 4493
12 1 4494
23 0 4495
0 0 4496
17 0 4497
4 1 4498
1 0 4499
20 1 4500
14 0 4501
14 1 4502
13 1 4503
20 0 4504
4 1 4505
28 1 4506
22 0 4507
25 0 4508
12 1 4509
3 0 4510
14 1 4511
26 0 4512
27 0 4513
26 1 4514
21 1 4515
13 1 4516
2 0 4517
17 0 4518
21 1 4519
15 0 4520
25 1 4521
5 0 4522
11 1 4523
12 0 4524
20 0 4525
1 1 4526
25 1 4527
13 0 4528
15 0 4529
17 0 4530
4 0 4531
17 1 4532
7 1 4533
12 0 4534
0 1 4535
27 1 4536
0 0 4537
19 1 4538
8 0 4539
16 1 4540
24 1 4541
2 0 4542
7 1 4543
17 0 4544
23 1 4545
21 0 4546
17 1 4547
15 1 4548
8 0 4549
23 0 4550
10 0 4551
28 1 4552
27 1 4553
15 0 4554
0 0 4555
24 1 4556
27 0 4557
14 0 4558
25 1 4559
26 0 4560
0 1 4561
1 0 4562
6 1 4563
3 1 4564
25 1 4565
7 0 4566
11 0 4567
27 0 4568
20 1 4569
16 1 4570
9 0 4571
0 0 4572
18 1 4573
29 0 4574
3 1 4575
11 1 4576
1 0 4577
7 0 4578
26 1 4579
9 1 4580
27 0 4581
2 1 4582
9 0 4583
8 1 4584
27 0 4585
11 1 4586
20 1 4587
25 1 4588
2 0 4589
7 0 4590
14 0 4591
21 1 4592
7 0 4593
5 1 4594
26 0 4595
22 1 4596
18 0 4597
8 0 4598
19 0 4599
13 1 4600
8 1 4601
25 1 4602
13 1 4603
23 0 4604
17 0 4605
29 0 4606
13 1 4607
20 1 4608
28 1 4609
16 0 4610
7 1 4611
4 1 4612
7 0 4613
15 0 4614
13 0 4615
13 0 4616
15 1 4617
18 1 4618
6 0 4619
25 1 4620
3 0 4621
3 1 4622
8 1 4623
28 0 4624
8 0 4625
0 1 4626
28 0 4627
25 1 4628
21 0 4629
21 0 4630
0 0 4631
27 1 4632
14 1 4633
3 0 4634
5 0 4635
14 1 4636
21 1 4637
5 1 4638
6 0 4639
16 0 4640
8 1 4641
13 0 4642
21 1 4643
13 1 4644
20 0 4645
25 1 4646
3 0 4647
26 1 4648
17 0 4649
6 0 4650
7 1 4651
4 0 4652
13 1 4653
16 1 4654
7 1 4655
18 0 4656
4 1 4657
16 0 4658
14 0 4659
15 0 4660
23 1 4661
3 1 4662
17 0 4663
20 1 4664
21 0 4665
0 1 4666
23 1 4667
4 0 4668
5 0 4669
24 0 4670
15 0 4671
28 1 4672
18 1 4673
11 1 4674
24 0 4675
3 0 4676
25 1 4677
19 1 4678
4 0 4679
13 0 4680
0 1 4681
4 1 4682
6 0 4683
14 1 4684
27 0 4685
28 0 4686
7 1 4687
24 1 4688
8 0 4689
27 1 4690
21 0 4691
25 0 4692
28 0 4693
6 1 4694
15 1 4695
5 1 4696
19 0 4697
21 0 4698
3 1 4699
3 0 4700
10 1 4701
6 0 4702
4 1 4703
25 1 4704
11 0 4705
13 1 4706
11 0 4707
3 1 4708
20 1 4709
15 0 4710
25 0 4711
28 1 4712
8 1 4713
28 0 4714
21 0 4715
7 1 4716
24 0 4717
0 1 4718
2 1 4719
7 0 4720
7 1 4721
14 0 4722
10 1 4723
15 0 4724
7 1 4725
18 0 4726
22 1 4727
22 0 4728
8 0 4729
4 1 4730
14 1 4731
8 0 4732
28 0 4733
20 0 4734
13 1 4735
11 0 4736
23 1 4737
7 1 4738
23 0 4739
5 0 4740
7 0 4741
8 0 4742
28 1 4743
10 1 4744
8 1 4745
2 1 4746
22 1 4747
27 0 4748
4 0 4749
18 0 4750
3 1 4751
29 1 4752
8 0 4753
20 0 4754
18 0 4755
9 1 4756
21 1 4757
10 0 4758
23 1 4759
16 1 4760
16 0 4761
23 0 4762
13 1 4763
2 1 4764
3 1 4765
25 0 4766
4 1 4767
18 0 4768
17 0 4769
25 0 4770
22 1 4771
15 1 4772
26 1 4773
14 0 4774
2 0 4775
22 0 4776
10 1 4777
20 1 4778
18 0 4779
9 1 4780
23 0 4781
15 1 4782
4 1 4783
13 0 4784
19 1 4785
10 0 4786
15 0 4787
22 0 4788
15 0 4789
22 0 4790
27 1 4791
7 1 4792
22 1 4793
1 1 4794
13 0 4795
14 0 4796
9 0 4797
27 1 4798
22 1 4799
22 0 4800
3 1 4801
0 0 4802
7 1 4803
1 1 4804
13 1 4805
12 1 4806
26 0 4807
17 0 4808
4 0 4809
12 1 4810
26 1 4811
17 0 4812
20 0 4813
25 1 4814
0 0 4815
19 0 4816
8 1 4817
13 0 4818
5 1 4819
15 1 4820
29 1 4821
12 0 4822
17 1 4823
23 1 4824
20 0 4825
29 1 4826
10 0 4827
23 0 4828
3 0 4829
10 1 4830
28 0 4831
24 1 4832
12 0 4833
2 1 4834
25 0 4835
26 0 4836
19 1 4837
14 1 4838
22 0 4839
22 1 4840
0 1 4841
12 1 4842
2 0 4843
2 1 4844
20 0 4845
29 0 4846
2 0 4847
1 1 4848
26 0 4849
8 0 4850
2 1 4851
25 1 4852
13 0 4853
15 0 4854
9 1 4855
6 1 4856
12 0 4857
8 1 4858
4 0 4859
2 0 4860
19 1 4861
9 1 4862
8 0 4863
23 1 4864
25 0 4865
2 1 4866
10 1 4867
25 0 4868
4 0 4869
29 1 4870
7 0 4871
18 1 4872
6 0 4873
8 1 4874
4 0 4875
5 1 4876
0 0 4877
22 0 4878
20 1 4879
20 1 4880
2 0 4881
25 1 4882
29 1 4883
13 0 4884
1 0 4885
8 0 4886
29 1 4887
6 1 4888
6 1 4889
24 0 4890
8 1 4891
20 0 4892
5 0 4893
19 1 4894
2 0 4895
27 1 4896
15 0 4897
19 0 4898
4 1 4899
7 0 4900
23 1 4901
17 1 4902
3 1 4903
25 0 4904
17 1 4905
21 0 4906
2 0 4907
21 1 4908
13 1 4909
7 0 4910
3 1 4911
29 0 4912
27 0 4913
6 1 4914
18 1 4915
25 1 4916
21 1 4917
23 1 4918
10 0 4919
15 0 4920
18 0 4921
23 0 4922
15 0 4923
19 1 4924
14 0 4925
19 1 4926
18 1 4927
9 0 4928
4 0 4929
25 1 4930
20 0 4931
1 1 4932
0 0 4933
10 1 4934
29 1 4935
25 0 4936
0 1 4937
14 1 4938
14 0 4939
28 0 4940
0 0 4941
25 1 4942
27 0 4943
14 0 4944
7 1 4945
4 1 4946
28 0 4947
25 0 4948
14 1 4949
10 1 4950
14 1 4951
15 0 4952
21 0 4953
8 1 4954
15 0 4955
21 1 4956
6 0 4957
20 1 4958
24 1 4959
23 0 4960
28 0 4961
1 0 4962
22 1 4963
29 0 4964
9 1 4965
15 1 4966
27 0 4967
3 1 4968
1 0 4969
20 1 4970
25 0 4971
27 1 4972
1 0 4973
10 1 4974
15 1 4975
23 0 4976
24 0 4977
28 1 4978
14 0 4979
5 0 4980
15 1 4981
9 0 4982
4 0 4983
3 1 4984
24 1 4985
15 1 4986
20 1 4987
7 0 4988
24 0 4989
16 1 4990
27 0 4991
0 1 4992
4 0 4993
27 1 4994
29 0 4995
0 0 4996
16 0 4997
17 1 4998
27 1 4999
15 1 5000
28 1 5001
18 0 5002
22 0 5003
27 1 5004
15 0 5005
3 0 5006
12 1 5007
25 0 5008
23 1 5009
3 1 5010
27 1 5011
14 0 5012
8 1 5013
0 1 5014
0 0 5015
13 0 5016
29 0 5017
12 1 5018
4 0 5019
8 1 5020
24 1 5021
10 0 5022
20 1 5023
12 0 5024
12 1 5025
24 0 5026
23 1 5027
29 0 5028
0 1 5029
23 0 5030
13 0 5031
8 1 5032
13 1 5033
27 0 5034
0 0 5035
12 0 5036
5 1 5037
5 1 5038
8 1 5039
6 0 5040
10 0 5041
15 1 5042
13 1 5043
12 0 5044
25 0 5045
9 1 5046
3 1 5047
5 0 5048
2 1 5049
17 0 5050
8 0 5051
26 1 5052
29 0 5053
8 0 5054
10 1 5055
24 1 5056
6 1 5057
18 0 5058
5 0 5059
27 0 5060
21 1 5061
15 0 5062
23 1 5063
13 1 5064
19 0 5065
3 0 5066
9 1 5067
22 1 5068
28 0 5069
26 1 5070
2 0 5071
4 1 5072
21 0 5073
23 1 5074
7 1 5075
23 0 5076
19 0 5077
19 0 5078
10 0 5079
23 1 5080
26 1 5081
29 1 5082
6 1 5083
2 1 5084
27 0 5085
13 0 5086
17 0 5087
29 0 5088
26 1 5089
15 1 5090
24 0 5091
29 1 5092
29 0 5093
19 1 5094
6 0 5095
26 1 5096
2 0 5097
10 0 5098
25 1 5099
28 0 5100
2 1 5101
17 0 5102
29 1 5103
22 0 5104
19 1 5105
5 1 5106
2 0 5107
28 1 5108
28 0 5109
27 0 5110
25 1 5111
26 0 5112
7 1 5113
18 1 5114
2 1 5115
28 0 5116
6 0 5117
4 1 5118
13 0 5119
1 1 5120
21 0 5121
3 0 5122
19 1 5123
1 1 5124
5 0 5125
29 0 5126
23 1 5127
13 1 5128
23 0 5129
16 1 5130
27 0 5131
25 1 5132
28 0 5133
26 1 5134
10 0 5135
17 1 5136
18 1 5137
6 0 5138
25 1 5139
19 0 5140
2 0 5141
1 0 5142
2 1 5143
16 0 5144
18 1 5145
0 1 5146
8 0 5147
21 0 5148
20 1 5149
2 1 5150
20 1 5151
27 0 5152
28 1 5153
8 0 5154
17 0 5155
18 0 5156
9 1 5157
8 0 5158
12 1 5159
21 1 5160
6 1 5161
20 0 5162
19 1 5163
19 0 5164
4 1 5165
10 0 5166
17 1 5167
19 0 5168
28 0 5169
9 0 5170
15 1 5171
26 1 5172
27 1 5173
18 1 5174
16 1 5175
5 1 5176
3 0 5177
2 0 5178
3 1 5179
26 0 5180
25 0 5181
14 1 5182
11 1 5183
9 0 5184
20 0 5185
25 0 5186
1 0 5187
20 1 5188
8 0 5189
2 0 5190
25 1 5191
11 1 5192
14 0 5193
24 1 5194
9 0 5195
21 1 5196
9 0 5197
12 0 5198
11 1 5199
15 1 5200
4 0 5201
9 1 5202
20 0 5203
14 1 5204
26 1 5205
4 0 5206
24 1 5207
14 0 5208
27 1 5209
18 0 5210
1 1 5211
23 0 5212
11 1 5213
16 0 5214
26 0 5215
0 1 5216
6 0 5217
7 0 5218
7 1 5219
11 0 5220
1 1 5221
9 1 5222
19 0 5223
14 1 5224
18 0 5225
14 1 5226
18 0 5227
10 1 5228
25 0 5229
10 1 5230
19 0 5231
22 1 5232
14 0 5233
17 1 5234
0 0 5235
2 1 5236
5 1 5237
11 0 5238
9 0 5239
19 1 5240
13 1 5241
14 0 5242
10 0 5243
11 1 5244
17 0 5245
20 1 5246
15 0 5247
28 0 5248
13 0 5249
23 1 5250
3 1 5251
25 0 5252
27 1 5253
15 1 5254
23 0 5255
18 1 5256
25 0 5257
18 1 5258
19 0 5259
15 1 5260
10 0 5261
13 1 5262
4 0 5263
16 1 5264
0 1 5265
15 0 5266
2 0 5267
9 1 5268
7 0 5269
4 0 5270
22 1 5271
25 0 5272
20 1 5273
9 0 5274
17 1 5275
6 1 5276
5 0 5277
27 1 5278
6 0 5279
22 0 5280
16 1 5281
28 1 5282
22 0 5283
27 1 5284
11 0 5285
17 0 5286
25 1 5287
11 1 5288
22 1 5289
4 0 5290
9 1 5291
7 0 5292
1 0 5293
25 0 5294
1 1 5295
11 1 5296
13 0 5297
9 0 5298
1 0 5299
24 0 5300
1 1 5301
9 1 5302
13 1 5303
7 1 5304
18 1 5305
25 0 5306
24 0 5307
4 0 5308
17 1 5309
21 1 5310
5 1 5311
0 0 5312
1 0 5313
11 1 5314
9 0 5315
3 1 5316
13 0 5317
17 1 5318
4 0 5319
5 1 5320
0 1 5321
16 0 5322
10 1 5323
16 0 5324
26 0 5325
25 1 5326
20 0 5327
3 0 5328
21 1 5329
23 0 5330
4 1 5331
12 1 5332
3 0 5333
22 0 5334
24 1 5335
11 1 5336
3 0 5337
15 1 5338
0 0 5339
4 1 5340
3 0 5341
25 0 5342
23 1 5343
15 0 5344
12 1 5345
16 1 5346
2 1 5347
4 0 5348
4 0 5349
7 0 5350
3 1 5351
7 1 5352
22 1 5353
4 0 5354
11 0 5355
12 0 5356
29 1 5357
22 1 5358
15 0 5359
26 1 5360
1 1 5361
27 0 5362
3 1 5363
4 0 5364
3 0 5365
7 1 5366
21 1 5367
20 0 5368
19 1 5369
13 0 5370
12 1 5371
22 1 5372
19 0 5373
7 0 5374
25 0 5375
13 0 5376
10 1 5377
27 1 5378
10 1 5379
16 0 5380
23 0 5381
19 1 5382
24 1 5383
7 0 5384
29 0 5385
4 1 5386
12 0 5387
15 1 5388
0 1 5389
1 1 5390
24 1 5391
15 0 5392
24 0 5393
22 0 5394
1 0 5395
0 1 5396
20 1 5397
12 1 5398
18 0 5399
11 0 5400
29 1 5401
10 0 5402
17 1 5403
6 1 5404
23 0 5405
24 0 5406
17 0 5407
3 1 5408
12 0 5409
8 1 5410
1 0 5411
12 1 5412
8 0 5413
9 1 5414
19 0 5415
15 1 5416
22 0 5417
10 1 5418
28 0 5419
12 1 5420
1 0 5421
16 1 5422
20 0 5423
22 1 5424
7 1 5425
9 0 5426
13 1 5427
21 0 5428
14 1 5429
9 0 5430
12 1 5431
14 0 5432
25 0 5433
10 1 5434
24 0 5435
17 1 5436
11 1 5437
3 0 5438
3 1 5439
27 0 5440
21 1 5441
10 0 5442
26 0 5443
1 1 5444
16 0 5445
27 1 5446
26 0 5447
26 1 5448
10 1 5449
25 1 5450
25 1 5451
9 1 5452
17 0 5453
10 0 5454
28 0 5455
10 0 5456
12 0 5457
21 0 5458
14 1 5459
19 1 5460
22 0 5461
0 0 5462
6 1 5463
7 1 5464
16 1 5465
26 0 5466
2 1 5467
22 0 5468
0 0 5469
0 1 5470
17 0 5471
26 1 5472
11 0 5473
1 1 5474
18 0 5475
28 1 5476
21 1 5477
29 0 5478
10 1 5479
24 1 5480
6 0 5481
23 0 5482
2 1 5483
16 0 5484
19 0 5485
13 0 5486
29 1 5487
2 1 5488
5 0 5489
6 1 5490
4 1 5491
21 0 5492
29 0 5493
13 1 5494
20 0 5495
22 1 5496
26 0 5497
21 0 5498
11 1 5499
25 1 5500
24 1 5501
0 0 5502
17 0 5503
27 0 5504
10 1 5505
10 0 5506
11 1 5507
6 0 5508
17 1 5509
20 0 5510
20 1 5511
19 1 5512
15 0 5513
15 1 5514
14 0 5515
24 1 5516
15 0 5517
21 0 5518
14 1 5519
5 1 5520
6 0 5521
21 1 5522
16 1 5523
14 0 5524
2 1 5525
4 0 5526
9 1 5527
13 0 5528
27 0 5529
16 1 5530
28 1 5531
25 0 5532
10 0 5533
21 0 5534
14 1 5535
24 1 5536
19 0 5537
23 1 5538
0 0 5539
25 0 5540
28 0 5541
23 1 5542
2 1 5543
29 1 5544
14 1 5545
1 0 5546
5 0 5547
20 0 5548
13 1 5549
20 1 5550
28 0 5551
7 1 5552
26 1 5553
10 0 5554
6 1 5555
4 0 5556
3 1 5557
2 0 5558
27 0 5559
12 1 5560
22 0 5561
8 1 5562
17 0 5563
7 1 5564
9 1 5565
2 0 5566
3 0 5567
3 1 5568
1 0 5569
21 1 5570
6 0 5571
25 0 5572
5 1 5573
25 1 5574
12 0 5575
27 1 5576
21 0 5577
28 0 5578
11 1 5579
24 1 5580
23 0 5581
29 1 5582
4 1 5583
13 0 5584
4 0 5585
28 1 5586
18 0 5587
20 1 5588
25 1 5589
12 0 5590
28 0 5591
18 1 5592
29 0 5593
13 1 5594
28 0 5595
4 1 5596
28 0 5597
26 0 5598
23 1 5599
16 1 5600
15 0 5601
23 0 5602
23 1 5603
8 0 5604
2 1 5605
20 1 5606
8 1 5607
4 0 5608
27 0 5609
23 0 5610
19 1 5611
28 1 5612
18 0 5613
26 0 5614
10 1 5615
4 1 5616
1 1 5617
10 0 5618
5 1 5619
27 0 5620
26 0 5621
6 1 5622
2 1 5623
28 0 5624
13 0 5625
9 1 5626
25 1 5627
21 0 5628
6 0 5629
4 1 5630
1 0 5631
25 1 5632
19 1 5633
11 0 5634
23 0 5635
21 0 5636
29 1 5637
0 1 5638
25 0 5639
28 1 5640
9 0 5641
29 1 5642
2 0 5643
15 0 5644
6 1 5645
28 0 5646
27 1 5647
18 1 5648
27 1 5649
10 0 5650
24 0 5651
20 0 5652
16 0 5653
8 0 5654
19 1 5655
1 1 5656
23 1 5657
17 0 5658
2 0 5659
6 1 5660
14 1 5661
3 0 5662
23 0 5663
20 1 5664
12 1 5665
4 1 5666
8 1 5667
15 1 5668
0 1 5669
11 0 5670
8 1 5671
13 0 5672
2 0 5673
4 0 5674
8 0 5675
24 0 5676
15 1 5677
27 1 5678
11 0 5679
15 0 5680
23 1 5681
5 1 5682
14 1 5683
4 1 5684
12 0 5685
3 0 5686
3 0 5687
19 0 5688
0 0 5689
17 1 5690
12 1 5691
22 1 5692
3 1 5693
0 1 5694
19 0 5695
9 0 5696
13 1 5697
14 0 5698
16 0 5699
1 0 5700
19 1 5701
26 1 5702
26 1 5703
23 0 5704
17 0 5705
28 1 5706
0 0 5707
22 0 5708
0 1 5709
18 0 5710
4 1 5711
17 1 5712
19 1 5713
2 0 5714
16 0 5715
5 1 5716
28 1 5717
25 0 5718
8 0 5719
7 1 5720
4 1 5721
11 0 5722
26 1 5723
7 0 5724
0 0 5725
24 0 5726
27 1 5727
20 0 5728
27 1 5729
23 1 5730
27 0 5731
18 1 5732
26 0 5733
0 0 5734
28 1 5735
27 1 5736
4 0 5737
7 0 5738
15 1 5739
3 1 5740
2 1 5741
27 0 5742
29 0 5743
21 1 5744
19 1 5745
9 0 5746
25 1 5747
13 0 5748
20 1 5749
21 0 5750
24 0 5751
25 0 5752
3 0 5753
28 1 5754
25 1 5755
11 1 5756
6 0 5757
17 0 5758
7 1 5759
9 1 5760
18 0 5761
15 0 5762
6 0 5763
16 1 5764
9 1 5765
16 1 5766
25 0 5767
19 0 5768
23 1 5769
19 0 5770
19 1 5771
27 1 5772
29 0 5773
16 0 5774
7 0 5775
25 0 5776
20 1 5777
1 1 5778
5 1 5779
16 0 5780
27 1 5781
1 0 5782
17 1 5783
7 1 5784
13 1 5785
11 0 5786
26 1 5787
11 0 5788
25 1 5789
5 0 5790
5 0 5791
28 1 5792
28 1 5793
3 0 5794
17 0 5795
4 0 5796
1 1 5797
8 1 5798
28 0 5799
7 1 5800
15 1 5801
2 0 5802
4 0 5803
12 0 5804
13 1 5805
4 1 5806
17 1 5807
12 0 5808
13 0 5809
19 1 5810
26 1 5811
26 1 5812
11 0 5813
24 0 5814
9 0 5815
9 0 5816
4 1 5817
24 1 5818
22 1 5819
3 0 5820
19 1 5821
3 0 5822
7 1 5823
7 0 5824
19 1 5825
29 1 5826
1 0 5827
2 0 5828
13 0 5829
16 1 5830
8 0 5831
18 1 5832
12 1 5833
7 0 5834
19 0 5835
21 1 5836
18 0 5837
12 1 5838
17 1 5839
13 1 5840
26 0 5841
27 0 5842
24 0 5843
27 0 5844
20 1 5845
0 1 5846
22 1 5847
3 0 5848
21 1 5849
28 0 5850
11 0 5851
18 1 5852
1 1 5853
20 0 5854
22 0 5855
7 0 5856
7 1 5857
2 1 5858
26 0 5859
27 0 5860
27 1 5861
12 1 5862
18 0 5863
5 1 5864
4 0 5865
20 1 5866
23 0 5867
27 1 5868
16 0 5869
16 1 5870
28 0 5871
10 1 5872
26 0 5873
1 1 5874
15 1 5875
14 0 5876
15 0 5877
2 1 5878
22 0 5879
14 1 5880
9 0 5881
29 0 5882
3 1 5883
9 0 5884
6 1 5885
19 1 5886
13 1 5887
19 0 5888
20 1 5889
2 0 5890
19 0 5891
23 0 5892
21 1 5893
4 1 5894
14 0 5895
17 1 5896
28 0 5897
14 0 5898
4 1 5899
24 1 5900
19 0 5901
0 1 5902
3 0 5903
23 1 5904
7 0 5905
23 1 5906
3 0 5907
10 0 5908
12 1 5909
16 0 5910
26 1 5911
6 1 5912
21 0 5913
6 1 5914
29 1 5915
27 0 5916
29 0 5917
3 1 5918
18 1 5919
15 0 5920
26 0 5921
6 0 5922
24 1 5923
28 1 5924
5 1 5925
6 0 5926
21 0 5927
14 1 5928
15 0 5929
6 1 5930
18 0 5931
1 0 5932
26 1 5933
13 0 5934
19 0 5935
23 1 5936
20 1 5937
2 0 5938
12 1 5939
5 1 5940
7 1 5941
27 0 5942
20 0 5943
13 1 5944
21 0 5945
27 1 5946
23 0 5947
21 1 5948
4 1 5949
11 1 5950
19 0 5951
20 0 5952
4 0 5953
21 0 5954
20 1 5955
21 1 5956
21 0 5957
9 1 5958
29 1 5959
20 0 5960
16 1 5961
11 1 5962
15 1 5963
14 0 5964
25 0 5965
16 0 5966
7 0 5967
19 0 5968
20 1 5969
25 1 5970
28 0 5971
1 0 5972
27 1 5973
5 0 5974
2 1 5975
4 1 5976
2 0 5977
14 0 5978
20 1 5979
25 0 5980
2 1 5981
25 1 5982
25 1 5983
2 0 5984
4 1 5985
0 1 5986
2 0 5987
20 0 5988
12 0 5989
9 1 5990
24 1 5991
9 0 5992
8 1 5993
11 0 5994
15 0 5995
4 1 5996
4 0 5997
24 0 5998
10 1 5999
15 1 6000
28 0 6001
20 1 6002
4 1 6003
12 0 6004
28 0 6005
17 1 6006
4 0 6007
4 1 6008
17 0 6009
3 1 6010
26 0 6011
19 1 6012
29 1 6013
23 0 6014
11 0 6015
17 1 6016
5 0 6017
2 1 6018
8 0 6019
9 1 6020
19 0 6021
24 1 6022
6 1 6023
0 0 6024
13 0 6025
7 0 6026
9 1 6027
26 0 6028
6 1 6029
8 1 6030
24 0 6031
27 0 6032
21 1 6033
5 0 6034
1 1 6035
8 0 6036
6 0 6037
13 1 6038
29 1 6039
6 0 6040
25 1 6041
24 0 6042
15 1 6043
6 0 6044
24 0 6045
26 1 6046
16 1 6047
23 1 6048
27 1 6049
16 0 6050
20 0 6051
10 0 6052
2 1 6053
12 1 6054
6 0 6055
7 0 6056
5 1 6057
23 0 6058
12 1 6059
27 1 6060
22 1 6061
0 0 6062
27 0 6063
5 1 6064
19 1 6065
25 1 6066
2 0 6067
1 0 6068
19 0 6069
16 1 6070
7 0 6071
26 1 6072
17 0 6073
3 0 6074
22 1 6075
3 0 6076
1 1 6077
29 1 6078
4 0 6079
0 0 6080
16 1 6081
13 0 6082
22 1 6083
25 1 6084
5 1 6085
0 1 6086
2 0 6087
27 0 6088
0 0 6089
16 0 6090
20 1 6091
26 0 6092
13 1 6093
26 1 6094
18 1 6095
25 0 6096
25 0 6097
14 1 6098
13 0 6099
23 0 6100
19 1 6101
14 1 6102
5 0 6103
26 0 6104
8 1 6105
10 1 6106
15 0 6107
26 1 6108
5 1 6109
21 0 6110
26 0 6111
24 1 6112
2 1 6113
22 0 6114
8 0 6115
29 1 6116
0 1 6117
17 1 6118
1 0 6119
5 0 6120
0 0 6121
3 1 6122
27 0 6123
17 0 6124
27 1 6125
12 1 6126
16 1 6127
1 1 6128
12 0 6129
14 0 6130
15 0 6131
15 1 6132
13 0 6133
9 0 6134
20 1 6135
1 0 6136
0 1 6137
19 1 6138
14 1 6139
15 0 6140
15 0 6141
0 1 6142
3 0 6143
16 0 6144
22 0 6145
2 1 6146
15 1 6147
9 1 6148
18 0 6149
8 1 6150
13 0 6151
5 1 6152
7 1 6153
17 0 6154
8 1 6155
27 0 6156
29 1 6157
26 0 6158
14 0 6159
26 1 6160
22 0 6161
11 1 6162
10 1 6163
22 1 6164
14 1 6165
26 0 6166
11 0 6167
10 0 6168
27 0 6169
22 1 6170
16 0 6171
5 1 6172
7 0 6173
20 0 6174
8 1 6175
16 1 6176
22 0 6177
10 1 6178
24 0 6179
15 1 6180
4 0 6181
10 0 6182
11 1 6183
28 1 6184
2 1 6185
17 0 6186
12 0 6187
15 0 6188
12 1 6189
10 0 6190
3 1 6191
19 1 6192
22 0 6193
28 1 6194
15 0 6195
19 1 6196
18 1 6197
5 0 6198
22 1 6199
22 0 6200
16 0 6201
20 1 6202
7 0 6203
17 1 6204
12 1 6205
28 0 6206
24 1 6207
9 1 6208
8 0 6209
17 0 6210
15 1 6211
25 0 6212
28 1 6213
26 0 6214
20 1 6215
24 0 6216
27 1 6217
7 0 6218
2 1 6219
13 0 6220
28 0 6221
3 1 6222
21 1 6223
21 0 6224
19 0 6225
28 0 6226
29 1 6227
12 0 6228
29 1 6229
15 0 6230
14 1 6231
21 1 6232
0 1 6233
2 0 6234
6 1 6235
18 1 6236
21 0 6237
27 0 6238
20 0 6239
27 0 6240
2 0 6241
9 1 6242
2 1 6243
29 0 6244
20 1 6245
13 0 6246
26 1 6247
5 1 6248
15 0 6249
18 1 6250
8 0 6251
8 0 6252
4 1 6253
20 0 6254
26 1 6255
0 0 6256
21 1 6257
27 0 6258
18 1 6259
14 1 6260
6 0 6261
15 1 6262
21 0 6263
7 0 6264
5 1 6265
26 1 6266
19 0 6267
7 1 6268
11 0 6269
14 0 6270
13 1 6271
3 0 6272
26 1 6273
6 1 6274
6 0 6275
29 0 6276
24 1 6277
19 0 6278
20 1 6279
20 0 6280
28 1 6281
22 1 6282
28 0 6283
26 1 6284
3 1 6285
24 0 6286
20 0 6287
7 1 6288
27 0 6289
29 1 6290
19 1 6291
20 0 6292
16 1 6293
26 1 6294
29 0 6295
4 1 6296
9 0 6297
16 0 6298
4 0 6299
15 1 6300
17 1 6301
11 1 6302
0 0 6303
5 0 6304
6 1 6305
6 0 6306
14 0 6307
29 0 6308
1 1 6309
4 0 6310
23 1 6311
29 1 6312
7 0 6313
22 1 6314
7 0 6315
22 1 6316
4 0 6317
13 0 6318
2 1 6319
7 1 6320
20 1 6321
20 0 6322
27 1 6323
20 0 6324
26 0 6325
7 1 6326
17 1 6327
7 0 6328
2 0 6329
7 1 6330
17 0 6331
6 1 6332
1 0 6333
8 1 6334
23 0 6335
12 1 6336
8 0 6337
6 0 6338
23 1 6339
5 0 6340
0 1 6341
0 1 6342
25 0 6343
0 1 6344
7 0 6345
28 1 6346
24 1 6347
19 0 6348
5 1 6349
2 0 6350
19 0 6351
5 0 6352
17 0 6353
22 1 6354
27 1 6355
5 1 6356
24 0 6357
22 1 6358
4 1 6359
4 0 6360
25 0 6361
11 1 6362
9 1 6363
24 1 6364
16 1 6365
7 1 6366
17 0 6367
24 0 6368
15 0 6369
14 0 6370
2 0 6371
18 0 6372
25 1 6373
20 1 6374
25 0 6375
23 1 6376
7 0 6377
2 1 6378
18 1 6379
12 0 6380
11 1 6381
11 0 6382
11 0 6383
13 1 6384
0 1 6385
11 0 6386
9 0 6387
7 0 6388
9 0 6389
29 1 6390
2 0 6391
15 1 6392
20 1 6393
4 0 6394
11 1 6395
15 1 6396
11 0 6397
25 1 6398
0 0 6399
4 1 6400
23 0 6401
29 0 6402
14 1 6403
3 0 6404
29 1 6405
0 1 6406
5 0 6407
14 0 6408
2 1 6409
24 1 6410
16 0 6411
23 0 6412
26 1 6413
5 0 6414
19 1 6415
19 0 6416
21 1 6417
24 0 6418
12 1 6419
5 1 6420
13 1 6421
18 0 6422
18 0 6423
5 1 6424
5 1 6425
7 0 6426
2 0 6427
3 1 6428
15 0 6429
24 1 6430
7 1 6431
4 0 6432
7 0 6433
24 0 6434
17 1 6435
12 0 6436
13 1 6437
9 0 6438
13 1 6439
18 1 6440
27 1 6441
5 0 6442
14 0 6443
18 1 6444
21 0 6445
24 1 6446
0 0 6447
2 1 6448
10 1 6449
20 0 6450
20 0 6451
14 1 6452
0 0 6453
13 0 6454
1 1 6455
18 1 6456
26 0 6457
11 1 6458
11 1 6459
5 0 6460
27 0 6461
25 1 6462
7 1 6463
25 1 6464
27 0 6465
20 0 6466
9 1 6467
17 1 6468
1 0 6469
26 0 6470
21 1 6471
0 0 6472
26 1 6473
22 0 6474
13 1 6475
4 0 6476
2 1 6477
15 0 6478
14 1 6479
25 0 6480
10 1 6481
11 0 6482
26 1 6483
25 0 6484
11 0 6485
27 1 6486
13 0 6487
24 1 6488
17 1 6489
3 0 6490
18 0 6491
24 1 6492
3 0 6493
0 1 6494
22 0 6495
19 1 6496
20 0 6497
4 1 6498
15 1 6499
24 0 6500
12 0 6501
28 0 6502
25 1 6503
19 1 6504
15 1 6505
17 1 6506
17 0 6507
29 0 6508
0 0 6509
24 0 6510
28 1 6511
1 1 6512
18 0 6513
12 1 6514
25 0 6515
29 1 6516
17 0 6517
11 1 6518
18 1 6519
28 0 6520
21 0 6521
11 0 6522
18 1 6523
20 0 6524
1 1 6525
10 0 6526
26 1 6527
25 1 6528
5 0 6529
7 0 6530
21 1 6531
27 1 6532
16 1 6533
24 1 6534
7 1 6535
29 0 6536
20 1 6537
13 0 6538
22 0 6539
10 0 6540
7 1 6541
27 0 6542
7 1 6543
20 0 6544
16 0 6545
10 1 6546
4 0 6547
9 1 6548
27 0 6549
17 0 6550
19 1 6551
23 1 6552
22 0 6553
26 1 6554
25 0 6555
17 1 6556
20 1 6557
0 1 6558
12 0 6559
22 0 6560
23 0 6561
21 0 6562
26 1 6563
9 1 6564
19 0 6565
13 0 6566
9 1 6567
27 1 6568
19 0 6569
26 1 6570
10 1 6571
14 0 6572
5 0 6573
22 1 6574
15 0 6575
6 1 6576
23 1 6577
2 0 6578
14 0 6579
19 1 6580
11 1 6581
1 0 6582
22 0 6583
27 1 6584
27 0 6585
1 0 6586
9 1 6587
29 1 6588
5 0 6589
18 0 6590
28 1 6591
24 0 6592
15 1 6593
28 1 6594
14 1 6595
15 0 6596
27 1 6597
0 0 6598
13 1 6599
14 0 6600
24 0 6601
20 1 6602
19 1 6603
12 0 6604
5 0 6605
6 1 6606
4 0 6607
9 0 6608
10 1 6609
8 1 6610
2 0 6611
11 1 6612
20 0 6613
26 1 6614
28 0 6615
12 1 6616
7 0 6617
24 1 6618
23 0 6619
15 1 6620
25 1 6621
19 0 6622
18 1 6623
5 0 6624
7 0 6625
12 1 6626
12 1 6627
25 0 6628
28 1 6629
13 0 6630
13 0 6631
20 1 6632
17 0 6633
24 1 6634
18 0 6635
23 1 6636
4 1 6637
27 0 6638
4 0 6639
15 0 6640
17 0 6641
7 1 6642
6 1 6643
12 1 6644
29 0 6645
6 0 6646
7 1 6647
28 1 6648
2 0 6649
11 1 6650
21 1 6651
24 0 6652
11 1 6653
7 0 6654
9 0 6655
23 0 6656
23 1 6657
25 1 6658
12 0 6659
25 1 6660
15 1 6661
7 0 6662
29 1 6663
19 0 6664
17 0 6665
7 0 6666
23 1 6667
27 0 6668
28 1 6669
19 1 6670
23 0 6671
12 0 6672
8 1 6673
5 1 6674
11 1 6675
15 0 6676
15 0 6677
8 1 6678
27 1 6679
28 0 6680
26 0 6681
5 1 6682
17 0 6683
18 1 6684
18 1 6685
27 1 6686
0 0 6687
9 0 6688
11 1 6689
5 0 6690
6 0 6691
24 0 6692
23 1 6693
6 0 6694
7 1 6695
19 1 6696
11 0 6697
19 0 6698
7 1 6699
5 1 6700
12 0 6701
4 0 6702
27 1 6703
29 1 6704
12 0 6705
12 1 6706
9 0 6707
9 0 6708
10 1 6709
22 1 6710
23 1 6711
8 0 6712
11 0 6713
6 1 6714
21 0 6715
12 1 6716
23 0 6717
18 1 6718
27 1 6719
24 1 6720
28 0 6721
20 0 6722
11 0 6723
20 1 6724
15 0 6725
0 0 6726
4 1 6727
4 0 6728
17 1 6729
28 1 6730
11 0 6731
7 0 6732
21 1 6733
21 0 6734
27 1 6735
9 1 6736
16 1 6737
29 0 6738
10 0 6739
5 0 6740
18 1 6741
14 1 6742
17 0 6743
8 0 6744
0 1 6745
0 1 6746
17 0 6747
9 1 6748
28 0 6749
29 1 6750
22 1 6751
7 0 6752
11 0 6753
2 1 6754
5 0 6755
28 1 6756
18 1 6757
25 0 6758
22 0 6759
16 1 6760
20 1 6761
23 0 6762
25 0 6763
25 0 6764
11 0 6765
19 1 6766
18 1 6767
19 1 6768
28 0 6769
29 0 6770
11 1 6771
18 1 6772
15 1 6773
24 0 6774
29 1 6775
20 0 6776
14 0 6777
18 1 6778
16 0 6779
23 1 6780
12 0 6781
9 1 6782
0 0 6783
11 0 6784
22 1 6785
11 1 6786
0 0 6787
12 1 6788
4 0 6789
11 1 6790
16 0 6791
20 1 6792
29 1 6793
23 0 6794
3 1 6795
2 0 6796
6 1 6797
11 0 6798
10 0 6799
15 0 6800
28 1 6801
12 0 6802
7 1 6803
16 1 6804
29 0 6805
29 1 6806
10 0 6807
6 1 6808
6 1 6809
3 0 6810
12 0 6811
12 1 6812
8 0 6813
9 1 6814
29 0 6815
5 1 6816
21 1 6817
20 0 6818
2 1 6819
11 0 6820
15 0 6821
29 1 6822
0 1 6823
22 0 6824
26 0 6825
9 0 6826
26 1 6827
7 1 6828
15 0 6829
9 0 6830
22 0 6831
7 1 6832
14 1 6833
25 1 6834
23 0 6835
2 1 6836
27 0 6837
0 1 6838
14 0 6839
25 1 6840
7 0 6841
24 1 6842
7 0 6843
12 0 6844
15 1 6845
9 0 6846
18 1 6847
26 1 6848
9 1 6849
28 1 6850
6 0 6851
9 0 6852
0 0 6853
26 0 6854
17 1 6855
20 1 6856
24 1 6857
19 0 6858
20 0 6859
11 1 6860
19 0 6861
11 1 6862
13 1 6863
26 0 6864
24 0 6865
14 1 6866
11 0 6867
24 0 6868
1 1 6869
12 1 6870
26 0 6871
5 1 6872
7 0 6873
18 1 6874
21 1 6875
15 0 6876
19 1 6877
5 0 6878
20 1 6879
13 0 6880
10 0 6881
21 1 6882
6 0 6883
1 0 6884
17 1 6885
15 0 6886
21 0 6887
9 0 6888
15 1 6889
0 1 6890
28 1 6891
15 0 6892
22 1 6893
17 0 6894
10 1 6895
9 1 6896
26 1 6897
5 0 6898
5 0 6899
26 0 6900
23 1 6901
3 1 6902
17 1 6903
16 0 6904
9 0 6905
19 0 6906
15 1 6907
27 1 6908
27 0 6909
19 1 6910
17 1 6911
27 0 6912
3 0 6913
8 1 6914
9 1 6915
25 0 6916
14 0 6917
26 0 6918
23 0 6919
17 0 6920
6 1 6921
0 1 6922
23 1 6923
10 1 6924
10 0 6925
11 1 6926
26 0 6927
28 1 6928
25 0 6929
20 1 6930
4 1 6931
17 0 6932
12 0 6933
4 0 6934
28 1 6935
18 1 6936
22 0 6937
27 1 6938
17 0 6939
8 1 6940
5 0 6941
20 1 6942
19 0 6943
5 0 6944
26 0 6945
8 0 6946
23 1 6947
19 0 6948
8 0 6949
4 1 6950
12 0 6951
5 1 6952
15 1 6953
7 1 6954
18 1 6955
29 1 6956
20 0 6957
13 1 6958
28 0 6959
21 1 6960
28 0 6961
9 0 6962
16 1 6963
29 1 6964
12 1 6965
12 0 6966
5 0 6967
17 1 6968
16 0 6969
12 0 6970
4 1 6971
5 1 6972
18 0 6973
2 0 6974
12 1 6975
10 0 6976
6 1 6977
27 1 6978
20 0 6979
13 0 6980
13 1 6981
24 1 6982
25 1 6983
27 0 6984
17 1 6985
17 0 6986
21 0 6987
6 1 6988
21 1 6989
9 1 6990
12 0 6991
28 1 6992
26 1 6993
15 0 6994
24 0 6995
9 0 6996
21 0 6997
15 1 6998
0 1 6999
11 0 7000
18 0 7001
0 1 7002
19 0 7003
16 1 7004
18 0 7005
16 1 7006
16 0 7007
16 1 7008
18 0 7009
22 1 7010
13 0 7011
9 1 7012
12 1 7013
18 0 7014
27 0 7015
5 0 7016
26 1 7017
13 1 7018
2 0 7019
2 1 7020
9 1 7021
13 0 7022
27 1 7023
18 0 7024
26 1 7025
16 0 7026
9 0 7027
15 1 7028
20 0 7029
1 1 7030
20 0 7031
16 1 7032
26 1 7033
23 1 7034
2 0 7035
20 0 7036
29 0 7037
29 0 7038
12 1 7039
6 1 7040
7 1 7041
26 0 7042
27 0 7043
26 1 7044
7 1 7045
21 0 7046
12 1 7047
29 0 7048
17 0 7049
27 1 7050
12 0 7051
6 1 7052
18 0 7053
25 1 7054
28 0 7055
25 1 7056
28 0 7057
29 0 7058
6 1 7059
26 1 7060
15 1 7061
16 0 7062
2 1 7063
20 0 7064
4 0 7065
7 1 7066
28 0 7067
27 0 7068
9 0 7069
27 1 7070
4 0 7071
13 1 7072
9 1 7073
4 1 7074
15 0 7075
28 0 7076
28 1 7077
9 1 7078
17 1 7079
17 1 7080
13 1 7081
6 1 7082
28 0 7083
21 0 7084
15 0 7085
20 0 7086
27 0 7087
9 1 7088
12 1 7089
12 0 7090
25 0 7091
13 1 7092
1 0 7093
26 0 7094
11 1 7095
7 0 7096
17 1 7097
4 0 7098
23 1 7099
9 1 7100
14 1 7101
0 0 7102
0 0 7103
28 1 7104
22 1 7105
13 0 7106
17 0 7107
10 1 7108
15 1 7109
28 0 7110
11 0 7111
23 1 7112
15 1 7113
28 0 7114
5 1 7115
5 0 7116
5 1 7117
14 0 7118
20 0 7119
9 1 7120
28 0 7121
11 0 7122
24 1 7123
10 1 7124
6 0 7125
18 0 7126
29 1 7127
1 1 7128
5 0 7129
17 0 7130
18 0 7131
4 1 7132
14 1 7133
9 1 7134
12 1 7135
4 0 7136
7 0 7137
27 0 7138
25 1 7139
22 0 7140
14 1 7141
25 1 7142
3 1 7143
27 0 7144
14 0 7145
22 0 7146
14 1 7147
5 1 7148
17 0 7149
2 0 7150
19 1 7151
5 1 7152
10 0 7153
18 0 7154
28 1 7155
26 1 7156
26 0 7157
1 0 7158
3 0 7159
1 1 7160
19 1 7161
5 0 7162
15 1 7163
0 1 7164
18 0 7165
18 1 7166
26 0 7167
6 1 7168
10 0 7169
12 1 7170
12 0 7171
5 0 7172
4 1 7173
14 0 7174
18 1 7175
14 0 7176
1 1 7177
0 1 7178
4 0 7179
4 1 7180
22 1 7181
20 0 7182
1 0 7183
18 0 7184
19 1 7185
22 0 7186
6 1 7187
14 1 7188
29 0 7189
25 1 7190
28 0 7191
25 1 7192
4 0 7193
18 0 7194
22 1 7195
27 1 7196
2 1 7197
29 0 7198
1 1 7199
0 0 7200
26 1 7201
14 0 7202
1 0 7203
8 1 7204
13 1 7205
1 0 7206
4 1 7207
8 0 7208
26 0 7209
19 1 7210
23 0 7211
12 0 7212
6 1 7213
15 0 7214
26 1 7215
23 0 7216
12 1 7217
25 0 7218
26 0 7219
26 1 7220
12 1 7221
7 0 7222
18 1 7223
27 1 7224
2 1 7225
2 0 7226
27 0 7227
27 0 7228
1 1 7229
16 0 7230
18 1 7231
19 0 7232
28 1 7233
2 1 7234
20 1 7235
4 0 7236
26 1 7237
0 0 7238
28 0 7239
17 1 7240
14 1 7241
19 0 7242
22 0 7243
2 1 7244
12 1 7245
9 0 7246
20 1 7247
2 0 7248
14 0 7249
6 0 7250
2 1 7251
14 1 7252
12 0 7253
24 1 7254
15 0 7255
1 0 7256
10 1 7257
15 0 7258
12 1 7259
26 1 7260
18 0 7261
1 1 7262
26 1 7263
20 0 7264
18 1 7265
7 0 7266
0 0 7267
16 1 7268
1 0 7269
20 1 7270
0 0 7271
3 1 7272
16 1 7273
18 0 7274
2 0 7275
7 1 7276
6 0 7277
26 1 7278
16 1 7279
13 0 7280
26 0 7281
3 0 7282
2 1 7283
10 0 7284
21 1 7285
20 1 7286
18 0 7287
7 1 7288
16 0 7289
17 1 7290
2 0 7291
27 1 7292
10 1 7293
24 0 7294
24 0 7295
15 1 7296
26 0 7297
3 1 7298
13 0 7299
0 1 7300
28 1 7301
9 0 7302
17 0 7303
22 1 7304
2 1 7305
7 0 7306
15 0 7307
15 0 7308
14 0 7309
10 1 7310
19 0 7311
22 0 7312
27 1 7313
8 1 7314
20 1 7315
20 0 7316
28 0 7317
9 0 7318
9 1 7319
8 0 7320
16 1 7321
6 1 7322
2 1 7323
7 0 7324
16 0 7325
17 0 7326
16 1 7327
13 0 7328
9 1 7329
3 1 7330
10 1 7331
4 1 7332
24 1 7333
21 0 7334
17 1 7335
23 0 7336
17 0 7337
9 0 7338
6 1 7339
16 1 7340
24 0 7341
26 0 7342
10 1 7343
18 1 7344
26 0 7345
6 1 7346
18 0 7347
9 0 7348
7 1 7349
14 1 7350
26 1 7351
6 0 7352
18 0 7353
25 0 7354
22 1 7355
6 1 7356
29 0 7357
21 1 7358
15 0 7359
15 1 7360
12 0 7361
9 0 7362
16 1 7363
11 1 7364
25 0 7365
13 1 7366
13 0 7367
17 1 7368
3 0 7369
26 0 7370
14 1 7371
9 1 7372
11 0 7373
18 0 7374
29 1 7375
0 1 7376
22 0 7377
25 0 7378
16 1 7379
14 0 7380
9 1 7381
6 0 7382
11 1 7383
21 1 7384
20 0 7385
3 1 7386
4 0 7387
21 1 7388
7 0 7389
29 1 7390
27 0 7391
5 1 7392
26 0 7393
3 1 7394
12 0 7395
15 0 7396
9 0 7397
1 1 7398
26 1 7399
12 0 7400
10 1 7401
2 0 7402
22 1 7403
17 1 7404
15 0 7405
25 1 7406
0 0 7407
19 0 7408
26 1 7409
28 1 7410
10 0 7411
8 1 7412
11 0 7413
10 1 7414
1 0 7415
22 0 7416
0 1 7417
17 1 7418
11 1 7419
10 1 7420
5 0 7421
21 0 7422
9 0 7423
16 0 7424
29 1 7425
26 0 7426
11 1 7427
10 0 7428
15 1 7429
18 0 7430
11 1 7431
18 0 7432
18 1 7433
17 1 7434
20 0 7435
20 1 7436
25 1 7437
11 0 7438
2 0 7439
18 0 7440
11 0 7441
11 1 7442
7 1 7443
11 1 7444
5 1 7445
9 1 7446
5 0 7447
25 0 7448
14 0 7449
9 0 7450
10 0 7451
17 1 7452
2 1 7453
3 1 7454
19 1 7455
10 0 7456
6 0 7457
20 0 7458
14 1 7459
18 0 7460
23 1 7461
17 1 7462
16 0 7463
7 1 7464
10 0 7465
23 1 7466
12 0 7467
14 0 7468
18 1 7469
21 1 7470
0 0 7471
28 1 7472
20 0 7473
21 1 7474
28 0 7475
27 1 7476
17 0 7477
6 1 7478
15 0 7479
21 1 7480
2 0 7481
15 0 7482
21 1 7483
5 1 7484
4 1 7485
2 0 7486
2 0 7487
4 1 7488
29 0 7489
4 1 7490
17 0 7491
18 0 7492
22 1 7493
22 1 7494
5 0 7495
17 1 7496
23 0 7497
18 1 7498
20 1 7499
28 0 7500
23 0 7501
22 1 7502
0 0 7503
6 0 7504
15 1 7505
19 1 7506
0 0 7507
6 0 7508
15 1 7509
17 1 7510
1 1 7511
12 0 7512
6 1 7513
22 0 7514
11 1 7515
7 0 7516
1 0 7517
6 1 7518
18 1 7519
4 0 7520
18 0 7521
15 1 7522
18 1 7523
12 0 7524
29 0 7525
18 0 7526
10 1 7527
29 1 7528
17 0 7529
29 1 7530
25 0 7531
10 0 7532
21 1 7533
2 1 7534
7 0 7535
29 1 7536
22 0 7537
20 1 7538
25 0 7539
3 1 7540
2 0 7541
21 1 7542
27 1 7543
15 0 7544
5 1 7545
0 1 7546
22 1 7547
7 1 7548
0 1 7549
25 0 7550
6 0 7551
4 0 7552
11 0 7553
1 1 7554
27 0 7555
16 0 7556
3 0 7557
25 0 7558
3 1 7559
10 1 7560
19 1 7561
23 0 7562
25 1 7563
0 0 7564
3 0 7565
8 0 7566
7 1 7567
0 1 7568
21 0 7569
11 1 7570
5 0 7571
16 1 7572
3 1 7573
17 0 7574
12 0 7575
11 0 7576
9 1 7577
25 1 7578
18 0 7579
3 1 7580
23 0 7581
24 1 7582
5 1 7583
3 0 7584
4 0 7585
22 0 7586
0 1 7587
7 0 7588
22 1 7589
9 1 7590
11 1 7591
15 0 7592
7 1 7593
19 1 7594
1 0 7595
15 0 7596
5 0 7597
6 1 7598
27 0 7599
23 1 7600
25 0 7601
20 1 7602
0 0 7603
22 1 7604
9 0 7605
14 1 7606
10 0 7607
15 1 7608
3 0 7609
21 1 7610
6 0 7611
28 1 7612
5 1 7613
28 0 7614
23 1 7615
26 0 7616
27 1 7617
9 0 7618
26 0 7619
21 0 7620
24 1 7621
25 1 7622
5 1 7623
7 0 7624
17 0 7625
27 1 7626
16 1 7627
29 0 7628
9 0 7629
7 0 7630
15 1 7631
22 1 7632
1 1 7633
26 0 7634
29 1 7635
14 0 7636
1 0 7637
21 0 7638
0 1 7639
10 0 7640
8 1 7641
1 1 7642
1 0 7643
27 1 7644
22 1 7645
11 0 7646
6 1 7647
11 0 7648
8 1 7649
16 0 7650
22 0 7651
25 0 7652
10 1 7653
18 1 7654
22 0 7655
24 1 7656
6 1 7657
10 0 7658
3 0 7659
20 1 7660
9 0 7661
9 0 7662
11 1 7663
15 1 7664
17 0 7665
13 1 7666
19 1 7667
15 0 7668
23 0 7669
5 1 7670
0 0 7671
3 0 7672
26 1 7673
18 0 7674
13 0 7675
22 1 7676
16 0 7677
0 0 7678
8 1 7679
26 1 7680
20 0 7681
11 0 7682
8 1 7683
15 1 7684
24 1 7685
25 1 7686
4 1 7687
11 0 7688
21 0 7689
20 0 7690
4 1 7691
16 1 7692
24 0 7693
16 0 7694
18 1 7695
3 1 7696
10 1 7697
5 1 7698
29 0 7699
17 0 7700
26 0 7701
0 0 7702
5 1 7703
23 1 7704
8 0 7705
22 1 7706
24 0 7707
25 0 7708
29 1 7709
21 0 7710
16 1 7711
13 1 7712
16 0 7713
13 1 7714
17 0 7715
27 1 7716
24 0 7717
21 0 7718
22 0 7719
2 1 7720
17 1 7721
3 0 7722
28 1 7723
26 0 7724
13 0 7725
9 0 7726
17 1 7727
8 1 7728
28 1 7729
20 1 7730
23 0 7731
9 1 7732
3 1 7733
5 0 7734
6 0 7735
3 1 7736
27 0 7737
28 1 7738
2 0 7739
5 1 7740
5 0 7741
22 0 7742
9 1 7743
13 0 7744
11 1 7745
21 0 7746
17 1 7747
15 0 7748
12 1 7749
28 1 7750
15 1 7751
5 0 7752
21 1 7753
12 0 7754
18 0 7755
14 1 7756
23 0 7757
27 1 7758
17 0 7759
6 1 7760
25 0 7761
6 1 7762
6 1 7763
29 0 7764
3 0 7765
4 0 7766
24 1 7767
8 1 7768
3 0 7769
12 1 7770
9 1 7771
15 0 7772
29 0 7773
3 1 7774
11 0 7775
29 0 7776
18 1 7777
9 1 7778
6 0 7779
25 1 7780
5 0 7781
3 1 7782
2 1 7783
26 0 7784
21 0 7785
24 1 7786
28 1 7787
17 0 7788
17 0 7789
8 1 7790
18 1 7791
18 0 7792
16 1 7793
10 0 7794
11 1 7795
15 0 7796
4 1 7797
25 0 7798
12 0 7799
5 0 7800
21 1 7801
27 1 7802
2 0 7803
4 0 7804
27 1 7805
0 1 7806
23 1 7807
9 0 7808
9 1 7809
3 0 7810
19 0 7811
26 0 7812
6 1 7813
11 1 7814
6 0 7815
8 1 7816
29 0 7817
10 0 7818
18 0 7819
29 0 7820
15 1 7821
23 1 7822
12 1 7823
28 0 7824
15 1 7825
19 1 7826
8 1 7827
3 0 7828
24 0 7829
8 0 7830
12 1 7831
14 0 7832
18 1 7833
11 1 7834
23 1 7835
7 1 7836
0 0 7837
3 0 7838
17 1 7839
12 0 7840
23 0 7841
19 0 7842
12 1 7843
27 0 7844
18 1 7845
21 0 7846
25 1 7847
7 1 7848
15 1 7849
26 0 7850
15 0 7851
27 1 7852
23 0 7853
22 1 7854
26 0 7855
15 1 7856
20 0 7857
5 1 7858
9 0 7859
4 0 7860
3 1 7861
13 1 7862
29 1 7863
15 0 7864
26 0 7865
28 1 7866
16 1 7867
19 0 7868
6 1 7869
25 0 7870
5 0 7871
18 1 7872
11 0 7873
29 0 7874
29 1 7875
19 0 7876
7 0 7877
23 0 7878
24 1 7879
9 1 7880
29 1 7881
27 1 7882
29 0 7883
24 1 7884
14 1 7885
9 1 7886
8 0 7887
22 0 7888
2 1 7889
9 1 7890
29 0 7891
16 0 7892
6 1 7893
6 0 7894
5 1 7895
6 0 7896
20 1 7897
7 0 7898
15 0 7899
8 0 7900
9 0 7901
12 1 7902
25 1 7903
16 1 7904
22 0 7905
2 1 7906
11 0 7907
13 0 7908
15 1 7909
23 1 7910
26 0 7911
5 1 7912
24 1 7913
16 0 7914
18 0 7915
10 1 7916
5 0 7917
5 0 7918
23 0 7919
4 1 7920
5 1 7921
9 1 7922
28 0 7923
4 1 7924
16 1 7925
5 1 7926
9 0 7927
10 0 7928
16 1 7929
9 1 7930
4 0 7931
26 0 7932
21 0 7933
12 1 7934
8 0 7935
16 0 7936
18 1 7937
28 1 7938
6 1 7939
6 0 7940
2 0 7941
15 1 7942
24 0 7943
15 0 7944
2 1 7945
2 1 7946
21 1 7947
12 0 7948
28 0 7949
19 0 7950
27 1 7951
18 0 7952
4 1 7953
3 1 7954
18 0 7955
22 0 7956
28 0 7957
20 1 7958
18 1 7959
3 0 7960
12 1 7961
6 0 7962
22 1 7963
7 1 7964
25 0 7965
18 0 7966
15 1 7967
8 1 7968
7 1 7969
27 0 7970
16 0 7971
8 0 7972
16 1 7973
25 1 7974
4 0 7975
25 1 7976
29 1 7977
29 1 7978
3 0 7979
7 0 7980
4 1 7981
8 0 7982
8 1 7983
12 0 7984
5 1 7985
2 1 7986
16 0 7987
6 0 7988
13 1 7989
2 0 7990
17 1 7991
25 0 7992
25 0 7993
26 1 7994
8 0 7995
28 1 7996
27 1 7997
6 0 7998
7 1 7999
28 0 8000
