8 1 1
25 0 2
28 1 3
5 0 4
5 0 5
13 1 6
20 1 7
1 0 8
25 0 9
18 1 10
24 0 11
14 1 12
18 1 13
11 0 14
27 0 15
5 0 16
27 1 17
9 1 18
0 0 19
10 0 20
20 1 21
14 1 22
6 1 23
9 1 24
14 1 25
3 0 26
17 0 27
4 0 28
22 1 29
6 0 30
19 0 31
25 1 32
4 0 33
20 0 34
21 0 35
5 0 36
21 1 37
5 0 38
20 1 39
14 0 40
23 0 41
21 1 42
15 1 43
23 1 44
6 1 45
26 1 46
21 0 47
21 1 48
25 0 49
22 0 50
25 1 51
29 1 52
0 1 53
11 0 54
8 0 55
3 1 56
12 1 57
9 0 58
12 1 59
10 0 60
23 0 61
9 1 62
0 1 63
8 0 64
7 1 65
25 0 66
21 0 67
11 1 68
7 0 69
14 1 70
12 0 71
13 1 72
13 1 73
13 0 74
18 0 75
26 0 76
5 1 77
0 0 78
4 1 79
27 1 80
14 1 81
27 0 82
10 0 83
11 0 84
16 1 85
3 0 86
16 1 87
3 0 88
3 1 89
2 1 90
2 1 91
23 0 92
10 0 93
17 1 94
0 1 95
20 0 96
7 0 97
13 0 98
16 1 99
16 0 100
4 1 101
2 1 102
16 0 103
28 1 104
19 0 105
9 1 106
12 0 107
15 1 108
16 1 109
16 0 110
2 0 111
2 0 112
25 1 113
15 1 114
16 1 115
16 0 116
11 1 117
29 0 118
10 0 119
8 0 120
24 1 121
11 1 122
23 0 123
19 0 124
19 1 125
25 1 126
13 0 127
22 1 128
29 0 129
11 1 130
13 1 131
7 1 132
20 0 133
3 1 134
6 0 135
27 0 136
12 0 137
3 1 138
3 0 139
9 1 140
23 1 141
7 0 142
10 1 143
16 0 144
15 0 145
10 1 146
4 0 147
21 0 148
18 1 149
13 1 150
11 1 151
28 0 152
0 0 153
4 1 154
5 0 155
29 1 156
29 0 157
27 0 158
8 1 159
0 1 160
9 0 161
5 1 162
9 1 163
15 1 164
10 0 165
28 0 166
20 1 167
14 0 168
4 0 169
19 1 170
12 0 171
15 0 172
15 1 173
11 0 174
0 1 175
20 1 176
7 0 177
21 1 178
6 0 179
29 1 180
27 1 181
12 0 182
19 1 183
27 0 184
29 0 185
24 1 186
23 0 187
26 1 188
9 1 189
15 0 190
10 0 191
3 1 192
8 1 193
3 0 194
8 0 195
17 0 196
17 1 197
7 1 198
3 0 199
18 0 200
27 1 201
13 1 202
14 0 203
13 0 204
21 1 205
9 1 206
18 0 207
0 1 208
19 1 209
5 0 210
9 1 211
20 0 212
12 1 213
17 1 214
19 0 215
20 0 216
24 1 217
1 0 218
13 1 219
20 1 220
18 0 221
3 1 222
2 0 223
0 0 224
8 0 225
5 1 226
9 0 227
28 1 228
1 1 229
27 0 230
6 1 231
4 0 232
0 1 233
19 0 234
2 0 235
26 1 236
14 0 237
15 1 238
2 1 239
14 0 240
6 0 241
3 0 242
11 1 243
0 1 244
20 0 245
27 1 246
9 1 247
25 0 248
8 1 249
17 0 250
15 0 251
20 0 252
26 0 253
26 1 254
28 0 255
23 1 256
10 1 257
23 1 258
19 1 259
15 0 260
0 0 261
4 0 262
6 1 263
1 1 264
26 1 265
9 1 266
12 0 267
1 0 268
11 0 269
10 0 270
26 0 271
5 1 272
17 1 273
19 1 274
17 0 275
6 0 276
2 1 277
11 1 278
18 0 279
18 1 280
5 0 281
29 1 282
9 0 283
25 1 284
13 0 285
21 1 286
13 0 287
29 0 288
19 1 289
20 1 290
23 0 291
12 1 292
1 1 293
7 0 294
23 0 295
21 1 296
6 0 297
17 0 298
29 1 299
2 0 300
29 1 301
7 1 302
12 0 303
12 1 304
28 0 305
18 1 306
28 0 307
6 1 308
0 0 309
20 1 310
17 1 311
14 0 312
20 0 313
20 1 314
2 0 315
2 0 316
18 1 317
21 1 318
4 1 319
1 0 320
9 0 321
18 0 322
4 1 323
22 0 324
25 1 325
0 1 326
2 0 327
22 1 328
13 0 329
20 1 330
18 0 331
17 1 332
21 0 333
29 1 334
4 1 335
0 0 336
25 1 337
3 0 338
6 0 339
20 1 340
14 0 341
7 1 342
20 0 343
10 1 344
17 1 345
5 0 346
7 1 347
29 0 348
6 0 349
11 1 350
21 0 351
28 1 352
29 1 353
1 0 354
15 0 355
2 0 356
27 1 357
9 1 358
20 1 359
7 0 360
6 0 361
28 1 362
21 1 363
23 0 364
2 0 365
21 1 366
10 0 367
17 1 368
16 1 369
1 0 370
20 0 371
7 1 372
22 1 373
20 0 374
22 0 375
22 1 376
28 0 377
4 1 378
26 0 379
8 0 380
29 1 381
11 1 382
25 0 383
9 1 384
26 1 385
16 0 386
21 0 387
18 1 388
3 0 389
14 1 390
4 1 391
14 1 392
11 0 393
10 1 394
13 1 395
25 0 396
1 0 397
25 0 398
0 0 399
22 0 400
21 1 401
18 1 402
14 0 403
0 1 404
26 0 405
6 1 406
0 0 407
17 1 408
27 1 409
28 0 410
19 0 411
4 0 412
3 1 413
18 0 414
23 1 415
22 0 416
29 0 417
6 1 418
22 1 419
6 1 420
28 0 421
26 1 422
4 0 423
9 0 424
20 0 425
13 1 426
27 1 427
26 1 428
18 0 429
9 1 430
10 0 431
17 0 432
9 1 433
0 0 434
12 1 435
13 1 436
27 0 437
17 0 438
9 0 439
15 1 440
24 1 441
26 0 442
19 1 443
26 0 444
7 0 445
3 1 446
22 1 447
21 1 448
14 0 449
7 1 450
20 1 451
11 1 452
7 1 453
24 0 454
1 1 455
11 0 456
22 0 457
3 1 458
9 0 459
4 0 460
23 1 461
29 1 462
15 0 463
26 0 464
11 0 465
21 1 466
29 0 467
6 0 468
29 1 469
7 1 470
1 0 471
24 1 472
12 0 473
20 1 474
6 0 475
17 1 476
7 0 477
12 1 478
27 0 479
14 1 480
6 0 481
9 0 482
21 1 483
10 1 484
20 0 485
27 0 486
29 1 487
0 1 488
25 0 489
18 0 490
1 1 491
22 0 492
10 1 493
13 0 494
18 1 495
21 1 496
18 1 497
20 0 498
8 1 499
24 0 500
25 1 501
8 0 502
21 1 503
20 0 504
24 1 505
19 0 506
17 1 507
4 0 508
21 0 509
18 0 510
8 1 511
20 1 512
19 1 513
0 0 514
0 1 515
23 0 516
25 0 517
1 1 518
15 1 519
14 0 520
29 0 521
12 0 522
24 0 523
21 0 524
4 1 525
18 1 526
11 0 527
10 1 528
13 1 529
18 1 530
10 0 531
29 0 532
6 1 533
27 0 534
29 1 535
1 1 536
27 1 537
7 0 538
6 0 539
15 1 540
19 1 541
19 1 542
9 0 543
27 1 544
3 0 545
4 0 546
4 0 547
16 1 548
8 0 549
24 0 550
3 1 551
27 0 552
10 1 553
11 1 554
12 0 555
20 1 556
29 0 557
27 1 558
19 0 559
3 1 560
7 1 561
10 0 562
20 1 563
16 0 564
17 1 565
9 0 566
21 0 567
16 1 568
12 0 569
29 0 570
6 1 571
19 1 572
9 0 573
21 0 574
2 1 575
6 1 576
15 0 577
27 1 578
6 0 579
1 0 580
15 1 581
14 1 582
0 1 583
21 0 584
20 0 585
18 1 586
19 0 587
2 0 588
3 1 589
21 1 590
24 0 591
23 1 592
23 1 593
19 0 594
21 0 595
25 1 596
0 1 597
27 0 598
0 0 599
12 1 600
14 0 601
16 1 602
19 0 603
1 1 604
8 1 605
19 1 606
10 0 607
18 0 608
12 0 609
0 1 610
27 1 611
6 0 612
7 0 613
29 0 614
8 1 615
15 1 616
29 1 617
7 0 618
6 1 619
24 0 620
29 0 621
12 1 622
19 0 623
4 1 624
18 0 625
13 1 626
25 0 627
7 0 628
11 1 629
10 1 630
8 0 631
6 1 632
2 1 633
15 0 634
1 0 635
1 1 636
28 1 637
2 0 638
6 0 639
27 0 640
9 1 641
29 1 642
22 1 643
10 0 644
4 0 645
12 0 646
4 1 647
5 1 648
16 0 649
21 1 650
8 0 651
14 1 652
7 1 653
29 0 654
7 1 655
11 0 656
3 1 657
4 1 658
10 0 659
12 0 660
3 1 661
22 0 662
14 1 663
18 1 664
23 0 665
5 0 666
14 0 667
27 0 668
23 1 669
15 0 670
7 0 671
23 1 672
22 1 673
2 1 674
20 1 675
22 0 676
11 1 677
14 1 678
15 0 679
7 0 680
13 0 681
23 1 682
19 0 683
19 0 684
25 1 685
7 1 686
29 1 687
2 0 688
11 0 689
0 1 690
14 0 691
9 1 692
19 1 693
16 0 694
11 0 695
17 0 696
1 1 697
23 1 698
21 0 699
9 1 700
25 0 701
6 0 702
18 1 703
19 1 704
11 0 705
18 1 706
7 0 707
23 0 708
11 0 709
15 1 710
12 1 711
17 1 712
20 0 713
22 1 714
14 0 715
11 1 716
22 0 717
4 0 718
6 1 719
18 1 720
6 1 721
23 0 722
0 0 723
17 0 724
6 1 725
17 0 726
12 1 727
2 1 728
1 1 729
28 0 730
2 0 731
13 1 732
20 1 733
29 0 734
22 1 735
18 0 736
7 1 737
23 0 738
11 1 739
27 0 740
13 0 741
19 1 742
22 0 743
28 1 744
21 0 745
23 1 746
17 0 747
1 1 748
12 0 749
0 0 750
9 0 751
16 1 752
1 1 753
20 1 754
17 0 755
22 1 756
3 0 757
15 0 758
6 1 759
21 1 760
0 0 761
25 1 762
28 0 763
9 1 764
12 0 765
11 0 766
15 1 767
10 1 768
16 0 769
28 1 770
25 0 771
7 1 772
22 0 773
10 0 774
9 1 775
9 1 776
0 0 777
4 1 778
19 1 779
0 0 780
20 0 781
18 0 782
13 1 783
0 0 784
15 1 785
18 0 786
14 1 787
20 1 788
11 0 789
0 0 790
18 1 791
18 0 792
7 1 793
19 1 794
19 0 795
7 0 796
12 1 797
11 1 798
18 1 799
10 1 800
21 1 801
15 0 802
2 1 803
17 0 804
23 0 805
29 0 806
26 1 807
28 0 808
15 0 809
18 1 810
20 0 811
16 1 812
4 0 813
29 1 814
7 1 815
24 1 816
29 1 817
17 0 818
4 0 819
7 0 820
1 1 821
3 0 822
14 0 823
13 1 824
24 0 825
15 1 826
1 1 827
11 0 828
21 0 829
0 1 830
10 0 831
18 1 832
18 0 833
6 1 834
29 0 835
2 1 836
15 1 837
15 0 838
3 1 839
1 0 840
1 0 841
13 0 842
20 1 843
29 1 844
26 0 845
12 0 846
17 1 847
23 1 848
23 1 849
3 1 850
18 0 851
11 0 852
1 0 853
1 0 854
23 0 855
14 1 856
20 0 857
24 1 858
25 1 859
7 0 860
29 0 861
6 1 862
14 0 863
9 1 864
23 1 865
7 1 866
25 0 867
2 0 868
27 1 869
1 1 870
13 1 871
20 0 872
20 0 873
20 1 874
21 0 875
5 1 876
18 0 877
5 1 878
19 1 879
9 0 880
2 0 881
6 0 882
7 1 883
27 0 884
17 1 885
4 1 886
1 0 887
17 1 888
7 0 889
9 1 890
13 1 891
21 0 892
20 1 893
20 0 894
11 1 895
29 0 896
29 0 897
21 0 898
24 1 899
23 0 900
27 1 901
15 1 902
16 0 903
19 0 904
25 1 905
29 0 906
4 0 907
3 0 908
10 1 909
10 1 910
1 1 911
23 0 912
7 1 913
17 1 914
7 0 915
15 1 916
20 1 917
21 0 918
4 1 919
3 0 920
19 0 921
3 0 922
23 1 923
20 1 924
18 0 925
14 1 926
17 1 927
0 0 928
14 0 929
21 1 930
21 0 931
6 1 932
6 0 933
9 1 934
24 0 935
28 1 936
4 1 937
28 0 938
4 0 939
15 0 940
21 0 941
6 1 942
24 1 943
21 0 944
2 1 945
5 1 946
3 0 947
13 0 948
4 1 949
15 1 950
13 0 951
5 1 952
17 1 953
15 0 954
3 0 955
10 1 956
15 0 957
16 1 958
21 1 959
6 1 960
9 0 961
11 0 962
3 0 963
18 0 964
15 1 965
8 1 966
27 0 967
1 0 968
19 1 969
2 1 970
1 0 971
20 1 972
24 0 973
21 1 974
21 0 975
12 1 976
9 0 977
0 1 978
19 1 979
12 0 980
9 0 981
20 1 982
0 0 983
11 1 984
25 0 985
4 1 986
29 1 987
19 0 988
10 0 989
5 1 990
18 0 991
18 1 992
24 0 993
15 0 994
11 0 995
18 1 996
19 1 997
14 1 998
23 0 999
8 0 1000
9 0 1001
4 0 1002
14 1 1003
9 1 1004
24 1 1005
21 0 1006
19 1 1007
23 1 1008
17 1 1009
18 0 1010
14 0 1011
28 1 1012
10 0 1013
17 1 1014
6 1 1015
28 0 1016
2 0 1017
14 0 1018
13 1 1019
27 1 1020
7 0 1021
4 1 1022
27 1 1023
7 1 1024
3 0 1025
27 0 1026
29 0 1027
10 1 1028
19 1 1029
10 0 1030
8 1 1031
19 0 1032
9 0 1033
17 1 1034
25 1 1035
27 0 1036
1 0 1037
28 1 1038
5 1 1039
21 1 1040
1 0 1041
13 0 1042
21 1 1043
25 0 1044
8 0 1045
20 0 1046
22 1 1047
28 1 1048
13 1 1049
4 0 1050
21 1 1051
2 1 1052
9 0 1053
17 1 1054
5 0 1055
7 0 1056
24 0 1057
6 1 1058
4 0 1059
19 0 1060
20 1 1061
4 1 1062
25 1 1063
28 1 1064
6 0 1065
9 0 1066
28 1 1067
15 0 1068
0 0 1069
26 1 1070
16 0 1071
3 0 1072
21 1 1073
17 0 1074
0 1 1075
2 0 1076
29 1 1077
22 0 1078
9 1 1079
21 1 1080
13 1 1081
2 0 1082
20 0 1083
3 1 1084
16 1 1085
21 0 1086
3 0 1087
29 1 1088
22 1 1089
21 1 1090
13 0 1091
29 0 1092
14 1 1093
0 0 1094
16 0 1095
29 0 1096
17 0 1097
9 0 1098
18 1 1099
16 1 1100
8 1 1101
16 0 1102
16 1 1103
6 0 1104
23 1 1105
5 1 1106
25 0 1107
25 1 1108
10 1 1109
21 0 1110
25 0 1111
7 0 1112
4 1 1113
0 1 1114
3 1 1115
6 0 1116
3 0 1117
26 1 1118
7 0 1119
29 1 1120
23 0 1121
14 0 1122
23 1 1123
7 0 1124
28 1 1125
22 0 1126
25 1 1127
26 1 1128
29 1 1129
28 0 1130
19 1 1131
9 0 1132
18 1 1133
5 0 1134
21 1 1135
7 0 1136
16 0 1137
23 0 1138
24 1 1139
4 0 1140
21 0 1141
21 1 1142
14 1 1143
29 1 1144
18 0 1145
0 0 1146
19 0 1147
1 0 1148
13 1 1149
27 1 1150
3 1 1151
28 0 1152
10 1 1153
9 1 1154
3 1 1155
28 1 1156
1 0 1157
6 0 1158
21 0 1159
22 1 1160
10 0 1161
25 0 1162
3 1 1163
4 1 1164
3 1 1165
27 0 1166
18 0 1167
8 1 1168
17 0 1169
24 1 1170
8 0 1171
14 0 1172
4 1 1173
14 1 1174
12 1 1175
10 0 1176
28 1 1177
20 0 1178
17 0 1179
21 0 1180
16 1 1181
13 0 1182
19 1 1183
9 1 1184
13 0 1185
2 1 1186
26 0 1187
10 1 1188
29 0 1189
8 1 1190
9 0 1191
14 1 1192
10 0 1193
18 0 1194
20 1 1195
4 1 1196
11 1 1197
13 0 1198
29 0 1199
17 1 1200
14 0 1201
5 1 1202
13 1 1203
20 0 1204
5 0 1205
10 0 1206
22 1 1207
22 0 1208
6 1 1209
26 1 1210
28 0 1211
25 1 1212
26 0 1213
13 0 1214
4 1 1215
14 0 1216
27 1 1217
0 1 1218
0 0 1219
15 1 1220
25 0 1221
26 0 1222
15 0 1223
19 1 1224
10 1 1225
12 1 1226
20 0 1227
27 0 1228
20 1 1229
19 1 1230
3 0 1231
3 1 1232
11 0 1233
16 1 1234
13 1 1235
0 1 1236
28 0 1237
6 0 1238
11 1 1239
10 0 1240
13 0 1241
20 0 1242
22 1 1243
4 1 1244
1 1 1245
28 0 1246
21 0 1247
3 1 1248
17 0 1249
15 1 1250
3 0 1251
1 0 1252
0 1 1253
24 0 1254
9 1 1255
0 1 1256
6 1 1257
3 0 1258
9 1 1259
29 0 1260
17 0 1261
16 0 1262
20 1 1263
22 1 1264
4 0 1265
9 0 1266
24 1 1267
15 1 1268
19 1 1269
23 0 1270
23 0 1271
8 0 1272
3 1 1273
28 0 1274
7 1 1275
10 1 1276
28 0 1277
15 0 1278
27 1 1279
15 0 1280
21 0 1281
6 1 1282
25 1 1283
19 1 1284
26 0 1285
18 1 1286
9 0 1287
3 1 1288
0 0 1289
9 1 1290
29 1 1291
24 0 1292
7 0 1293
27 1 1294
8 0 1295
9 0 1296
3 1 1297
17 0 1298
29 1 1299
15 1 1300
14 1 1301
25 0 1302
11 1 1303
5 0 1304
10 0 1305
8 1 1306
3 1 1307
16 0 1308
23 0 1309
15 1 1310
21 1 1311
3 0 1312
26 1 1313
19 1 1314
20 0 1315
6 0 1316
14 1 1317
29 0 1318
21 1 1319
11 0 1320
23 1 1321
15 0 1322
17 0 1323
15 1 1324
14 1 1325
2 0 1326
26 0 1327
13 0 1328
22 1 1329
3 0 1330
21 1 1331
5 1 1332
14 0 1333
27 1 1334
0 1 1335
23 0 1336
29 0 1337
0 1 1338
9 1 1339
4 0 1340
6 0 1341
19 0 1342
8 1 1343
17 0 1344
26 1 1345
6 1 1346
4 0 1347
17 0 1348
20 1 1349
12 0 1350
24 1 1351
4 0 1352
10 1 1353
19 1 1354
27 0 1355
24 1 1356
18 1 1357
12 1 1358
13 1 1359
13 0 1360
12 0 1361
18 0 1362
2 1 1363
17 0 1364
15 0 1365
26 1 1366
2 0 1367
28 1 1368
18 0 1369
4 0 1370
7 1 1371
6 1 1372
7 1 1373
6 0 1374
14 0 1375
11 1 1376
9 1 1377
22 1 1378
13 0 1379
5 1 1380
17 0 1381
14 1 1382
18 0 1383
19 0 1384
12 1 1385
23 1 1386
9 0 1387
28 0 1388
3 0 1389
17 1 1390
23 1 1391
4 0 1392
22 0 1393
22 0 1394
15 0 1395
15 1 1396
11 1 1397
3 1 1398
3 1 1399
9 0 1400
12 0 1401
27 1 1402
16 1 1403
15 0 1404
25 1 1405
19 0 1406
23 0 1407
25 1 1408
19 0 1409
27 0 1410
16 1 1411
19 1 1412
4 0 1413
7 0 1414
11 1 1415
22 0 1416
2 1 1417
0 0 1418
11 0 1419
14 1 1420
0 1 1421
5 1 1422
21 0 1423
3 0 1424
12 1 1425
13 1 1426
21 1 1427
24 0 1428
6 0 1429
1 1 1430
1 1 1431
19 0 1432
23 0 1433
17 0 1434
24 1 1435
29 1 1436
17 1 1437
7 0 1438
26 0 1439
29 1 1440
5 0 1441
1 0 1442
0 0 1443
4 1 1444
12 1 1445
28 1 1446
23 1 1447
28 0 1448
13 0 1449
13 1 1450
14 0 1451
17 1 1452
16 0 1453
6 0 1454
3 1 1455
5 1 1456
14 0 1457
19 1 1458
1 1 1459
24 0 1460
12 0 1461
16 0 1462
8 0 1463
22 1 1464
16 1 1465
21 1 1466
9 0 1467
12 0 1468
5 1 1469
9 0 1470
23 1 1471
12 1 1472
28 1 1473
14 0 1474
2 0 1475
28 1 1476
22 1 1477
0 0 1478
12 0 1479
4 1 1480
17 0 1481
24 0 1482
3 0 1483
10 1 1484
7 1 1485
17 1 1486
23 0 1487
9 1 1488
21 0 1489
9 1 1490
11 0 1491
3 0 1492
17 1 1493
22 1 1494
12 0 1495
24 0 1496
14 1 1497
6 1 1498
9 0 1499
17 0 1500
9 1 1501
26 1 1502
18 0 1503
14 1 1504
23 0 1505
19 1 1506
26 0 1507
9 0 1508
12 1 1509
5 1 1510
16 1 1511
4 0 1512
9 0 1513
29 1 1514
0 0 1515
16 0 1516
10 0 1517
21 1 1518
1 0 1519
29 1 1520
2 1 1521
0 1 1522
12 0 1523
12 1 1524
14 0 1525
29 1 1526
2 1 1527
14 0 1528
26 0 1529
5 0 1530
20 1 1531
21 1 1532
16 0 1533
7 1 1534
16 1 1535
25 0 1536
0 0 1537
6 1 1538
6 0 1539
6 0 1540
12 0 1541
27 1 1542
3 1 1543
2 1 1544
13 0 1545
22 0 1546
13 1 1547
13 1 1548
3 0 1549
5 1 1550
20 0 1551
17 0 1552
1 1 1553
26 1 1554
28 0 1555
24 1 1556
0 0 1557
6 1 1558
21 0 1559
28 1 1560
13 0 1561
26 0 1562
25 0 1563
27 1 1564
20 1 1565
20 0 1566
7 1 1567
25 1 1568
9 0 1569
23 0 1570
27 0 1571
8 1 1572
24 0 1573
26 1 1574
2 1 1575
24 1 1576
21 0 1577
9 0 1578
2 0 1579
27 1 1580
4 1 1581
9 0 1582
12 1 1583
8 1 1584
1 0 1585
25 1 1586
17 1 1587
11 0 1588
2 0 1589
8 0 1590
19 1 1591
26 1 1592
23 1 1593
29 0 1594
26 0 1595
21 0 1596
23 1 1597
16 0 1598
21 1 1599
21 0 1600
24 1 1601
4 0 1602
10 1 1603
28 1 1604
3 0 1605
21 1 1606
22 0 1607
27 1 1608
8 1 1609
23 0 1610
13 0 1611
19 1 1612
8 1 1613
5 0 1614
17 0 1615
17 1 1616
6 0 1617
1 0 1618
22 1 1619
19 1 1620
28 0 1621
12 0 1622
2 1 1623
9 0 1624
20 1 1625
28 1 1626
0 1 1627
11 0 1628
7 0 1629
7 1 1630
14 1 1631
13 0 1632
3 1 1633
5 0 1634
16 1 1635
19 0 1636
24 1 1637
23 0 1638
22 1 1639
28 0 1640
29 0 1641
28 0 1642
28 1 1643
28 1 1644
0 0 1645
25 1 1646
1 1 1647
14 0 1648
8 1 1649
5 0 1650
3 0 1651
1 1 1652
24 1 1653
24 0 1654
13 0 1655
29 1 1656
29 0 1657
2 1 1658
26 0 1659
15 1 1660
20 0 1661
28 0 1662
18 1 1663
21 1 1664
7 1 1665
22 0 1666
28 0 1667
17 0 1668
5 1 1669
23 1 1670
10 0 1671
23 0 1672
8 1 1673
5 1 1674
28 0 1675
8 1 1676
10 1 1677
20 0 1678
7 1 1679
13 0 1680
22 0 1681
8 0 1682
0 1 1683
23 1 1684
20 1 1685
13 0 1686
6 0 1687
27 1 1688
5 1 1689
24 0 1690
1 0 1691
26 1 1692
22 0 1693
9 1 1694
25 0 1695
8 0 1696
13 1 1697
0 1 1698
28 1 1699
20 0 1700
4 1 1701
21 0 1702
27 0 1703
23 1 1704
2 1 1705
17 0 1706
16 1 1707
18 0 1708
21 1 1709
3 0 1710
25 1 1711
20 0 1712
25 0 1713
7 1 1714
2 1 1715
8 0 1716
15 0 1717
12 1 1718
5 1 1719
4 0 1720
8 1 1721
29 0 1722
1 1 1723
0 0 1724
5 1 1725
22 1 1726
1 0 1727
29 0 1728
8 1 1729
13 0 1730
26 0 1731
0 1 1732
4 0 1733
5 1 1734
15 1 1735
3 0 1736
27 0 1737
13 1 1738
22 0 1739
7 0 1740
23 1 1741
20 1 1742
10 0 1743
2 1 1744
0 1 1745
13 0 1746
19 0 1747
19 1 1748
24 0 1749
11 1 1750
24 0 1751
11 0 1752
15 1 1753
5 0 1754
7 1 1755
16 1 1756
23 0 1757
9 1 1758
29 0 1759
12 1 1760
22 1 1761
4 1 1762
12 0 1763
2 0 1764
8 0 1765
10 0 1766
6 1 1767
12 1 1768
9 0 1769
11 1 1770
1 0 1771
4 1 1772
20 0 1773
27 1 1774
7 0 1775
16 1 1776
20 0 1777
27 0 1778
26 1 1779
27 0 1780
5 1 1781
26 1 1782
22 0 1783
20 0 1784
3 0 1785
11 1 1786
2 1 1787
28 1 1788
28 0 1789
8 1 1790
10 1 1791
9 0 1792
17 0 1793
28 1 1794
21 0 1795
6 1 1796
27 0 1797
0 1 1798
20 0 1799
20 1 1800
5 0 1801
25 0 1802
0 0 1803
20 1 1804
15 1 1805
24 1 1806
2 0 1807
28 1 1808
18 1 1809
19 0 1810
19 0 1811
22 1 1812
4 0 1813
25 0 1814
15 1 1815
12 0 1816
18 1 1817
22 1 1818
5 0 1819
2 1 1820
28 0 1821
11 0 1822
16 1 1823
28 0 1824
18 1 1825
6 1 1826
29 1 1827
18 0 1828
20 0 1829
16 1 1830
10 1 1831
20 0 1832
6 0 1833
13 1 1834
19 0 1835
10 0 1836
0 1 1837
11 1 1838
6 1 1839
6 0 1840
6 0 1841
14 1 1842
18 0 1843
15 0 1844
25 1 1845
13 1 1846
24 1 1847
18 0 1848
21 0 1849
29 0 1850
12 1 1851
21 1 1852
12 0 1853
2 0 1854
2 1 1855
15 1 1856
17 1 1857
2 1 1858
21 0 1859
17 0 1860
10 0 1861
10 1 1862
22 1 1863
26 0 1864
0 0 1865
22 1 1866
24 0 1867
19 1 1868
20 0 1869
25 1 1870
27 0 1871
6 1 1872
21 0 1873
7 0 1874
25 1 1875
9 1 1876
13 0 1877
23 0 1878
8 1 1879
17 1 1880
8 0 1881
20 0 1882
2 1 1883
3 1 1884
19 0 1885
21 1 1886
7 1 1887
17 0 1888
14 1 1889
24 0 1890
5 0 1891
15 1 1892
21 0 1893
15 1 1894
27 0 1895
20 1 1896
22 0 1897
29 1 1898
25 0 1899
5 1 1900
1 1 1901
15 0 1902
14 1 1903
12 0 1904
19 1 1905
22 0 1906
13 0 1907
14 1 1908
0 0 1909
3 1 1910
15 1 1911
6 0 1912
7 0 1913
26 1 1914
7 1 1915
25 1 1916
5 0 1917
10 0 1918
4 0 1919
14 0 1920
27 1 1921
6 1 1922
10 1 1923
8 0 1924
3 1 1925
6 1 1926
5 0 1927
16 0 1928
25 0 1929
23 0 1930
20 1 1931
8 1 1932
6 0 1933
15 1 1934
21 1 1935
29 0 1936
15 0 1937
20 0 1938
9 1 1939
29 1 1940
3 0 1941
18 1 1942
16 0 1943
1 1 1944
25 1 1945
26 0 1946
22 1 1947
0 0 1948
23 1 1949
7 0 1950
16 0 1951
8 1 1952
21 0 1953
10 1 1954
27 0 1955
5 1 1956
1 0 1957
14 0 1958
14 1 1959
27 1 1960
18 1 1961
7 0 1962
20 0 1963
1 0 1964
28 1 1965
9 0 1966
21 1 1967
13 1 1968
21 1 1969
25 1 1970
10 0 1971
20 0 1972
22 1 1973
11 0 1974
9 0 1975
26 1 1976
18 0 1977
18 0 1978
2 0 1979
29 1 1980
12 1 1981
16 0 1982
13 1 1983
7 1 1984
21 0 1985
13 0 1986
4 1 1987
10 1 1988
15 0 1989
23 1 1990
14 0 1991
15 1 1992
23 1 1993
8 1 1994
0 0 1995
28 0 1996
3 1 1997
26 1 1998
27 1 1999
29 0 2000
16 0 2001
16 0 2002
13 1 2003
11 0 2004
14 0 2005
14 0 2006
9 1 2007
25 1 2008
27 0 2009
10 1 2010
22 0 2011
20 0 2012
8 0 2013
17 1 2014
8 1 2015
9 0 2016
21 1 2017
1 1 2018
2 0 2019
12 1 2020
23 0 2021
3 0 2022
18 1 2023
3 1 2024
23 0 2025
29 0 2026
14 1 2027
1 0 2028
12 0 2029
23 1 2030
13 1 2031
5 0 2032
28 1 2033
15 0 2034
24 1 2035
1 1 2036
25 0 2037
19 1 2038
7 0 2039
3 1 2040
17 1 2041
25 0 2042
6 0 2043
28 0 2044
6 1 2045
5 1 2046
27 0 2047
15 0 2048
12 1 2049
22 1 2050
5 0 2051
7 1 2052
8 0 2053
19 1 2054
28 1 2055
24 0 2056
12 0 2057
21 0 2058
12 1 2059
0 1 2060
12 1 2061
1 1 2062
13 0 2063
19 0 2064
18 1 2065
23 0 2066
5 0 2067
3 1 2068
25 0 2069
5 1 2070
5 1 2071
4 0 2072
29 1 2073
19 0 2074
12 1 2075
2 0 2076
29 0 2077
11 1 2078
2 0 2079
21 0 2080
26 1 2081
14 1 2082
17 0 2083
17 0 2084
27 1 2085
6 0 2086
23 1 2087
20 1 2088
6 0 2089
15 1 2090
14 1 2091
22 0 2092
7 0 2093
3 1 2094
18 0 2095
18 0 2096
28 1 2097
23 1 2098
27 0 2099
25 0 2100
0 0 2101
15 1 2102
3 0 2103
10 0 2104
11 1 2105
29 1 2106
20 1 2107
6 1 2108
14 0 2109
26 1 2110
28 0 2111
25 1 2112
12 0 2113
18 1 2114
9 1 2115
13 0 2116
25 0 2117
6 1 2118
18 0 2119
11 1 2120
20 1 2121
21 0 2122
28 0 2123
6 0 2124
25 1 2125
28 0 2126
2 1 2127
7 1 2128
20 0 2129
2 0 2130
3 1 2131
21 0 2132
23 0 2133
12 1 2134
27 1 2135
9 1 2136
8 0 2137
9 0 2138
25 1 2139
3 1 2140
19 0 2141
13 1 2142
23 1 2143
23 0 2144
27 0 2145
6 1 2146
11 0 2147
6 1 2148
4 1 2149
7 1 2150
14 0 2151
7 0 2152
15 0 2153
14 1 2154
19 0 2155
23 1 2156
6 0 2157
12 0 2158
5 1 2159
17 1 2160
22 0 2161
15 1 2162
15 0 2163
6 1 2164
23 0 2165
29 0 2166
7 1 2167
6 1 2168
7 1 2169
8 0 2170
24 1 2171
20 0 2172
6 0 2173
11 0 2174
25 1 2175
4 0 2176
7 1 2177
11 1 2178
3 0 2179
25 0 2180
20 0 2181
12 1 2182
12 1 2183
21 1 2184
23 0 2185
25 1 2186
14 1 2187
14 0 2188
10 0 2189
11 1 2190
6 1 2191
13 0 2192
19 0 2193
2 1 2194
6 1 2195
13 1 2196
22 0 2197
7 0 2198
21 0 2199
7 0 2200
29 1 2201
10 1 2202
23 0 2203
22 1 2204
14 0 2205
3 0 2206
24 1 2207
4 1 2208
3 1 2209
19 0 2210
21 1 2211
25 0 2212
4 0 2213
14 1 2214
7 1 2215
2 0 2216
11 0 2217
26 1 2218
29 1 2219
26 0 2220
0 1 2221
6 0 2222
3 1 2223
7 0 2224
0 0 2225
1 1 2226
11 0 2227
10 1 2228
5 1 2229
1 0 2230
23 1 2231
25 1 2232
17 0 2233
2 0 2234
8 1 2235
12 0 2236
14 1 2237
7 0 2238
13 0 2239
24 0 2240
13 1 2241
18 1 2242
23 0 2243
21 0 2244
23 1 2245
9 0 2246
6 1 2247
16 1 2248
0 1 2249
4 1 2250
18 0 2251
12 0 2252
5 0 2253
9 1 2254
11 1 2255
19 0 2256
1 1 2257
1 0 2258
8 1 2259
9 0 2260
2 0 2261
15 0 2262
25 1 2263
4 0 2264
14 1 2265
10 1 2266
29 1 2267
2 0 2268
25 0 2269
12 1 2270
11 0 2271
25 0 2272
9 1 2273
5 0 2274
8 1 2275
23 1 2276
25 0 2277
9 1 2278
26 0 2279
7 0 2280
8 1 2281
23 1 2282
19 0 2283
5 0 2284
5 1 2285
25 1 2286
15 0 2287
29 0 2288
10 1 2289
28 1 2290
1 0 2291
4 1 2292
14 0 2293
13 0 2294
14 1 2295
2 0 2296
16 1 2297
9 0 2298
0 1 2299
24 0 2300
24 1 2301
3 1 2302
29 0 2303
10 0 2304
15 1 2305
27 1 2306
17 1 2307
23 0 2308
4 0 2309
15 0 2310
9 1 2311
12 1 2312
6 0 2313
7 0 2314
13 1 2315
28 1 2316
5 0 2317
5 1 2318
5 1 2319
16 0 2320
1 0 2321
10 0 2322
18 1 2323
14 1 2324
14 0 2325
2 1 2326
18 1 2327
2 0 2328
3 0 2329
20 1 2330
12 0 2331
24 1 2332
7 0 2333
12 0 2334
26 1 2335
28 0 2336
9 1 2337
11 1 2338
28 1 2339
26 0 2340
19 0 2341
29 0 2342
3 1 2343
13 1 2344
23 0 2345
23 0 2346
0 1 2347
18 1 2348
7 0 2349
19 0 2350
25 1 2351
2 1 2352
12 0 2353
19 1 2354
28 0 2355
9 0 2356
29 1 2357
2 1 2358
26 0 2359
10 0 2360
11 1 2361
15 0 2362
25 1 2363
29 1 2364
7 1 2365
6 0 2366
0 0 2367
7 0 2368
1 1 2369
25 1 2370
3 0 2371
10 1 2372
20 0 2373
9 1 2374
21 1 2375
15 0 2376
16 0 2377
4 1 2378
3 0 2379
19 0 2380
26 1 2381
29 0 2382
25 0 2383
24 0 2384
20 1 2385
18 1 2386
22 1 2387
7 1 2388
9 1 2389
8 0 2390
25 1 2391
14 0 2392
24 1 2393
2 0 2394
27 1 2395
21 0 2396
20 1 2397
12 0 2398
25 0 2399
17 1 2400
28 0 2401
11 1 2402
13 1 2403
1 0 2404
1 1 2405
14 0 2406
8 1 2407
24 0 2408
20 0 2409
6 0 2410
23 1 2411
23 1 2412
23 0 2413
23 1 2414
0 0 2415
2 1 2416
14 0 2417
22 0 2418
13 1 2419
27 1 2420
21 1 2421
26 0 2422
3 0 2423
8 1 2424
2 1 2425
1 1 2426
9 1 2427
11 0 2428
5 0 2429
13 0 2430
16 1 2431
25 0 2432
2 0 2433
22 1 2434
27 0 2435
0 1 2436
13 0 2437
5 1 2438
26 1 2439
19 1 2440
10 0 2441
25 0 2442
22 1 2443
26 0 2444
14 1 2445
18 1 2446
25 0 2447
10 0 2448
29 1 2449
9 0 2450
27 1 2451
8 0 2452
9 0 2453
24 1 2454
18 0 2455
26 1 2456
23 1 2457
3 0 2458
4 1 2459
22 0 2460
15 0 2461
0 1 2462
26 0 2463
27 1 2464
14 0 2465
29 1 2466
10 1 2467
1 0 2468
22 0 2469
4 1 2470
17 0 2471
28 1 2472
6 0 2473
27 1 2474
21 1 2475
26 0 2476
20 0 2477
23 1 2478
11 1 2479
28 0 2480
5 1 2481
23 0 2482
28 1 2483
14 1 2484
24 1 2485
10 0 2486
27 1 2487
19 0 2488
4 0 2489
6 0 2490
13 0 2491
8 0 2492
27 1 2493
9 1 2494
28 0 2495
7 1 2496
18 1 2497
22 0 2498
17 0 2499
17 1 2500
17 0 2501
17 1 2502
24 1 2503
13 0 2504
25 0 2505
24 1 2506
11 1 2507
16 0 2508
23 1 2509
26 0 2510
10 0 2511
29 0 2512
3 1 2513
14 0 2514
3 1 2515
6 1 2516
21 0 2517
13 1 2518
1 1 2519
11 0 2520
29 1 2521
26 0 2522
11 0 2523
25 1 2524
12 0 2525
22 1 2526
13 0 2527
14 1 2528
4 0 2529
13 0 2530
24 1 2531
27 0 2532
0 0 2533
15 1 2534
22 0 2535
5 0 2536
12 1 2537
20 1 2538
7 1 2539
10 1 2540
23 0 2541
18 1 2542
23 0 2543
2 1 2544
4 1 2545
4 0 2546
21 1 2547
5 0 2548
6 1 2549
11 0 2550
21 0 2551
24 0 2552
18 1 2553
10 1 2554
18 1 2555
7 0 2556
19 0 2557
11 0 2558
4 0 2559
18 1 2560
0 1 2561
22 0 2562
22 0 2563
15 1 2564
27 1 2565
24 0 2566
20 1 2567
29 1 2568
6 1 2569
11 0 2570
24 0 2571
29 0 2572
24 1 2573
12 1 2574
29 0 2575
14 1 2576
14 1 2577
12 1 2578
0 1 2579
18 0 2580
2 1 2581
22 0 2582
3 0 2583
5 0 2584
24 1 2585
29 0 2586
6 0 2587
20 0 2588
10 1 2589
1 1 2590
5 1 2591
25 0 2592
2 0 2593
26 1 2594
23 0 2595
27 1 2596
23 0 2597
29 1 2598
20 1 2599
8 0 2600
12 1 2601
12 0 2602
28 1 2603
7 0 2604
24 0 2605
24 1 2606
2 0 2607
3 0 2608
16 1 2609
14 0 2610
23 1 2611
11 1 2612
15 1 2613
13 1 2614
17 0 2615
8 0 2616
13 1 2617
1 0 2618
24 0 2619
25 1 2620
23 1 2621
25 0 2622
21 0 2623
4 1 2624
27 1 2625
9 0 2626
27 1 2627
25 1 2628
15 0 2629
19 1 2630
7 0 2631
13 0 2632
5 0 2633
5 1 2634
11 0 2635
22 1 2636
6 0 2637
2 1 2638
2 0 2639
23 0 2640
27 1 2641
13 0 2642
16 0 2643
14 0 2644
4 1 2645
8 1 2646
26 1 2647
7 1 2648
9 0 2649
8 1 2650
27 1 2651
7 1 2652
15 0 2653
13 1 2654
19 0 2655
9 0 2656
29 0 2657
26 0 2658
1 0 2659
17 1 2660
5 1 2661
9 1 2662
15 1 2663
1 0 2664
11 1 2665
10 0 2666
2 1 2667
15 0 2668
19 0 2669
18 1 2670
25 1 2671
2 0 2672
25 0 2673
3 1 2674
8 0 2675
11 1 2676
7 0 2677
29 1 2678
14 0 2679
8 1 2680
14 0 2681
24 0 2682
1 1 2683
16 1 2684
23 1 2685
15 0 2686
0 1 2687
25 0 2688
0 0 2689
0 0 2690
25 1 2691
12 1 2692
14 1 2693
11 0 2694
9 0 2695
27 1 2696
22 1 2697
11 0 2698
27 0 2699
10 0 2700
1 1 2701
7 0 2702
9 1 2703
3 1 2704
9 1 2705
20 1 2706
14 0 2707
0 0 2708
25 0 2709
19 1 2710
7 1 2711
27 0 2712
5 1 2713
2 0 2714
9 0 2715
2 0 2716
15 1 2717
19 1 2718
25 1 2719
12 0 2720
17 0 2721
4 0 2722
3 1 2723
7 1 2724
1 1 2725
15 0 2726
14 1 2727
6 0 2728
24 0 2729
3 1 2730
29 1 2731
10 1 2732
3 0 2733
23 1 2734
14 0 2735
20 0 2736
12 0 2737
29 1 2738
10 1 2739
3 0 2740
23 0 2741
27 1 2742
29 1 2743
23 0 2744
28 0 2745
16 0 2746
26 1 2747
11 1 2748
6 0 2749
11 1 2750
17 1 2751
17 0 2752
1 0 2753
19 0 2754
5 1 2755
0 1 2756
6 0 2757
9 1 2758
3 0 2759
8 0 2760
2 1 2761
24 0 2762
25 1 2763
2 1 2764
10 0 2765
25 0 2766
18 1 2767
26 1 2768
11 1 2769
9 0 2770
2 1 2771
19 0 2772
22 0 2773
15 1 2774
13 0 2775
26 0 2776
26 1 2777
26 0 2778
11 1 2779
18 0 2780
7 1 2781
7 1 2782
18 0 2783
28 1 2784
2 0 2785
0 0 2786
24 0 2787
19 1 2788
26 1 2789
3 1 2790
21 1 2791
22 0 2792
26 0 2793
18 1 2794
26 0 2795
4 1 2796
8 0 2797
25 1 2798
11 0 2799
28 1 2800
3 0 2801
11 1 2802
12 1 2803
25 0 2804
19 1 2805
1 0 2806
13 1 2807
2 0 2808
19 1 2809
13 0 2810
23 1 2811
24 1 2812
27 0 2813
12 0 2814
10 0 2815
26 0 2816
14 1 2817
25 1 2818
9 0 2819
11 0 2820
4 1 2821
11 1 2822
19 1 2823
27 0 2824
6 0 2825
23 0 2826
27 1 2827
22 1 2828
22 0 2829
14 1 2830
23 0 2831
9 0 2832
0 1 2833
15 1 2834
24 1 2835
12 0 2836
7 1 2837
3 0 2838
18 1 2839
19 0 2840
14 1 2841
20 0 2842
8 0 2843
3 0 2844
19 1 2845
11 1 2846
10 0 2847
3 1 2848
0 1 2849
8 0 2850
7 1 2851
28 0 2852
15 0 2853
5 1 2854
2 1 2855
18 0 2856
19 0 2857
4 0 2858
27 1 2859
14 1 2860
13 1 2861
13 0 2862
25 0 2863
12 1 2864
22 1 2865
7 0 2866
12 1 2867
7 0 2868
0 0 2869
1 1 2870
19 1 2871
1 0 2872
0 0 2873
12 1 2874
8 0 2875
16 1 2876
14 1 2877
8 0 2878
23 1 2879
21 0 2880
5 1 2881
18 0 2882
12 0 2883
24 1 2884
8 0 2885
23 1 2886
9 1 2887
16 1 2888
26 1 2889
3 0 2890
0 0 2891
5 0 2892
2 1 2893
0 0 2894
26 1 2895
3 0 2896
16 0 2897
15 1 2898
28 0 2899
21 1 2900
19 1 2901
19 0 2902
14 0 2903
7 1 2904
21 0 2905
7 1 2906
1 0 2907
19 1 2908
6 1 2909
15 0 2910
11 1 2911
29 0 2912
2 0 2913
3 0 2914
15 1 2915
27 1 2916
9 1 2917
18 0 2918
26 0 2919
29 1 2920
26 1 2921
22 0 2922
23 1 2923
27 0 2924
7 0 2925
25 1 2926
16 0 2927
13 1 2928
26 0 2929
19 1 2930
9 1 2931
23 0 2932
14 0 2933
8 1 2934
5 0 2935
7 0 2936
22 1 2937
25 1 2938
27 0 2939
12 0 2940
19 1 2941
27 0 2942
12 1 2943
21 1 2944
2 0 2945
24 0 2946
3 1 2947
21 1 2948
5 0 2949
20 0 2950
22 1 2951
13 1 2952
11 0 2953
15 1 2954
7 0 2955
3 0 2956
10 1 2957
14 0 2958
0 1 2959
20 1 2960
18 0 2961
0 1 2962
18 0 2963
0 0 2964
27 1 2965
13 1 2966
27 0 2967
11 1 2968
10 0 2969
6 1 2970
12 0 2971
13 1 2972
26 0 2973
28 1 2974
25 0 2975
12 1 2976
18 0 2977
3 0 2978
6 1 2979
8 1 2980
13 0 2981
5 1 2982
22 1 2983
27 0 2984
29 0 2985
16 1 2986
27 1 2987
15 0 2988
23 0 2989
15 1 2990
13 0 2991
16 1 2992
29 1 2993
28 0 2994
5 0 2995
12 1 2996
22 1 2997
10 1 2998
25 0 2999
6 0 3000
8 0 3001
23 1 3002
15 0 3003
10 0 3004
12 1 3005
5 1 3006
14 1 3007
18 0 3008
13 0 3009
20 0 3010
18 1 3011
7 0 3012
25 1 3013
12 1 3014
7 0 3015
7 0 3016
23 1 3017
11 1 3018
14 0 3019
21 1 3020
19 0 3021
25 1 3022
8 0 3023
22 1 3024
0 1 3025
5 0 3026
25 0 3027
13 0 3028
0 1 3029
14 0 3030
7 1 3031
11 1 3032
12 0 3033
10 1 3034
15 1 3035
19 0 3036
2 0 3037
24 0 3038
12 1 3039
18 1 3040
15 0 3041
9 1 3042
29 0 3043
1 1 3044
6 0 3045
14 0 3046
2 0 3047
26 1 3048
5 1 3049
19 1 3050
24 0 3051
26 1 3052
27 0 3053
5 0 3054
8 1 3055
3 1 3056
28 1 3057
19 0 3058
7 0 3059
19 1 3060
18 0 3061
4 0 3062
16 1 3063
25 1 3064
8 1 3065
16 0 3066
15 1 3067
18 0 3068
25 1 3069
22 0 3070
19 1 3071
15 0 3072
8 0 3073
27 1 3074
0 0 3075
8 1 3076
22 0 3077
0 0 3078
5 1 3079
8 1 3080
9 0 3081
12 0 3082
23 1 3083
26 1 3084
10 0 3085
9 0 3086
1 1 3087
23 1 3088
21 0 3089
23 0 3090
3 1 3091
3 1 3092
8 0 3093
27 1 3094
9 0 3095
21 1 3096
5 0 3097
5 0 3098
29 1 3099
6 0 3100
28 1 3101
11 0 3102
1 1 3103
4 0 3104
15 1 3105
22 1 3106
23 0 3107
28 1 3108
12 0 3109
11 1 3110
2 1 3111
3 0 3112
16 0 3113
16 1 3114
16 0 3115
8 1 3116
0 0 3117
21 0 3118
18 1 3119
25 0 3120
7 1 3121
12 1 3122
14 1 3123
21 0 3124
19 1 3125
9 1 3126
16 0 3127
22 0 3128
5 0 3129
14 0 3130
12 1 3131
14 1 3132
8 0 3133
7 0 3134
14 1 3135
4 1 3136
3 0 3137
21 0 3138
9 1 3139
20 1 3140
12 0 3141
26 1 3142
20 1 3143
29 0 3144
15 0 3145
8 0 3146
23 1 3147
20 1 3148
4 1 3149
3 0 3150
20 1 3151
23 0 3152
28 0 3153
11 0 3154
3 1 3155
4 0 3156
14 1 3157
9 1 3158
3 1 3159
8 0 3160
3 0 3161
5 1 3162
15 1 3163
27 0 3164
22 0 3165
20 0 3166
1 0 3167
29 1 3168
23 0 3169
8 1 3170
8 1 3171
5 0 3172
22 1 3173
19 1 3174
5 1 3175
22 0 3176
20 0 3177
5 1 3178
1 0 3179
20 1 3180
23 0 3181
8 1 3182
2 0 3183
12 1 3184
4 0 3185
5 0 3186
3 1 3187
25 1 3188
20 0 3189
16 1 3190
21 1 3191
18 0 3192
12 0 3193
12 0 3194
15 1 3195
19 1 3196
9 0 3197
21 1 3198
26 0 3199
19 1 3200
26 0 3201
5 1 3202
28 0 3203
7 1 3204
16 0 3205
26 1 3206
21 0 3207
26 1 3208
17 1 3209
11 0 3210
23 1 3211
22 0 3212
5 0 3213
21 1 3214
20 1 3215
15 0 3216
3 0 3217
10 1 3218
19 0 3219
3 1 3220
13 1 3221
29 0 3222
22 0 3223
6 1 3224
1 1 3225
26 0 3226
13 0 3227
9 0 3228
29 1 3229
6 0 3230
7 0 3231
26 0 3232
11 1 3233
22 1 3234
14 1 3235
17 1 3236
5 0 3237
14 1 3238
18 0 3239
20 1 3240
19 0 3241
10 1 3242
1 0 3243
14 1 3244
9 0 3245
6 1 3246
6 1 3247
6 0 3248
9 0 3249
20 0 3250
12 1 3251
12 1 3252
21 1 3253
11 1 3254
19 0 3255
10 0 3256
3 0 3257
17 0 3258
27 1 3259
26 1 3260
26 0 3261
1 1 3262
25 0 3263
17 1 3264
1 0 3265
15 1 3266
14 0 3267
5 0 3268
27 0 3269
19 0 3270
0 1 3271
25 1 3272
5 1 3273
20 1 3274
18 1 3275
3 0 3276
20 0 3277
0 1 3278
22 0 3279
17 1 3280
10 0 3281
28 1 3282
20 0 3283
13 1 3284
11 1 3285
12 0 3286
9 1 3287
28 0 3288
26 1 3289
13 0 3290
17 0 3291
16 1 3292
29 1 3293
15 0 3294
23 0 3295
5 1 3296
21 0 3297
12 1 3298
29 0 3299
5 0 3300
25 0 3301
10 1 3302
5 0 3303
17 1 3304
20 1 3305
16 1 3306
27 0 3307
15 1 3308
10 0 3309
18 1 3310
23 0 3311
0 1 3312
5 1 3313
9 0 3314
21 0 3315
16 1 3316
25 0 3317
8 1 3318
27 0 3319
15 0 3320
11 1 3321
24 1 3322
26 0 3323
22 1 3324
22 0 3325
20 1 3326
12 0 3327
17 1 3328
20 0 3329
27 1 3330
18 1 3331
19 1 3332
12 0 3333
5 0 3334
8 0 3335
17 1 3336
18 0 3337
14 1 3338
17 1 3339
8 0 3340
25 0 3341
12 1 3342
12 1 3343
5 0 3344
4 1 3345
15 0 3346
19 0 3347
17 0 3348
28 1 3349
5 1 3350
20 1 3351
24 0 3352
21 1 3353
28 0 3354
29 0 3355
19 1 3356
4 1 3357
0 1 3358
12 1 3359
6 1 3360
26 0 3361
0 0 3362
0 0 3363
25 0 3364
12 0 3365
11 0 3366
8 0 3367
7 1 3368
19 1 3369
13 1 3370
5 0 3371
18 1 3372
6 0 3373
7 0 3374
14 0 3375
18 1 3376
17 1 3377
4 0 3378
24 1 3379
16 0 3380
0 1 3381
15 1 3382
26 1 3383
26 0 3384
19 0 3385
8 1 3386
6 1 3387
13 1 3388
16 0 3389
25 0 3390
11 0 3391
17 0 3392
5 1 3393
1 1 3394
29 1 3395
11 0 3396
17 0 3397
16 0 3398
13 1 3399
24 1 3400
9 1 3401
19 0 3402
0 0 3403
12 0 3404
21 1 3405
8 1 3406
0 0 3407
17 0 3408
25 1 3409
11 0 3410
11 1 3411
14 1 3412
23 1 3413
0 1 3414
26 0 3415
9 0 3416
16 1 3417
15 0 3418
29 1 3419
15 1 3420
28 0 3421
16 1 3422
8 1 3423
9 1 3424
1 0 3425
18 1 3426
1 0 3427
14 0 3428
23 0 3429
13 1 3430
17 0 3431
13 0 3432
26 1 3433
25 1 3434
21 1 3435
8 0 3436
5 0 3437
4 0 3438
8 0 3439
25 0 3440
6 1 3441
5 0 3442
16 0 3443
17 1 3444
5 1 3445
15 1 3446
16 0 3447
3 1 3448
14 1 3449
8 0 3450
13 0 3451
19 0 3452
3 1 3453
5 1 3454
27 0 3455
18 1 3456
11 0 3457
10 1 3458
17 1 3459
29 0 3460
13 0 3461
8 0 3462
26 1 3463
28 1 3464
13 1 3465
0 0 3466
25 1 3467
9 0 3468
7 1 3469
23 1 3470
13 0 3471
13 0 3472
11 0 3473
6 0 3474
27 1 3475
20 1 3476
7 0 3477
26 0 3478
22 1 3479
6 1 3480
14 0 3481
22 1 3482
26 0 3483
14 1 3484
29 0 3485
12 1 3486
8 0 3487
18 0 3488
12 1 3489
23 1 3490
17 1 3491
25 0 3492
22 0 3493
20 0 3494
11 1 3495
28 1 3496
12 0 3497
20 0 3498
10 1 3499
6 1 3500
27 1 3501
18 0 3502
29 0 3503
28 1 3504
19 1 3505
12 1 3506
6 0 3507
28 0 3508
9 1 3509
12 0 3510
21 0 3511
19 1 3512
28 0 3513
18 1 3514
16 1 3515
15 0 3516
20 0 3517
9 0 3518
10 1 3519
9 1 3520
20 0 3521
5 1 3522
22 0 3523
11 1 3524
14 0 3525
26 1 3526
8 1 3527
29 0 3528
7 1 3529
15 0 3530
6 1 3531
12 0 3532
19 0 3533
27 1 3534
29 0 3535
0 1 3536
10 0 3537
14 1 3538
12 1 3539
0 0 3540
27 0 3541
13 1 3542
21 1 3543
26 1 3544
18 0 3545
1 1 3546
20 0 3547
9 0 3548
0 0 3549
18 0 3550
14 1 3551
1 1 3552
17 0 3553
22 1 3554
28 0 3555
14 1 3556
15 1 3557
21 0 3558
6 1 3559
1 0 3560
26 0 3561
26 1 3562
23 0 3563
11 1 3564
27 0 3565
13 1 3566
19 0 3567
27 1 3568
23 0 3569
17 1 3570
19 0 3571
8 1 3572
12 0 3573
25 1 3574
6 0 3575
14 1 3576
7 0 3577
23 1 3578
15 0 3579
25 0 3580
9 1 3581
16 0 3582
17 0 3583
2 1 3584
22 1 3585
18 1 3586
6 1 3587
9 0 3588
29 0 3589
26 1 3590
23 0 3591
13 0 3592
1 1 3593
1 1 3594
18 0 3595
12 0 3596
17 1 3597
3 1 3598
19 0 3599
14 0 3600
5 1 3601
0 1 3602
13 0 3603
0 1 3604
8 1 3605
27 1 3606
1 0 3607
5 0 3608
17 0 3609
14 0 3610
25 1 3611
22 1 3612
2 0 3613
15 0 3614
26 1 3615
14 0 3616
1 0 3617
24 1 3618
19 1 3619
24 1 3620
8 0 3621
21 0 3622
9 1 3623
20 1 3624
18 1 3625
26 1 3626
17 0 3627
1 0 3628
25 0 3629
13 1 3630
20 1 3631
26 0 3632
25 0 3633
19 0 3634
17 1 3635
17 1 3636
9 0 3637
5 0 3638
1 1 3639
9 1 3640
12 0 3641
1 1 3642
18 0 3643
10 1 3644
12 0 3645
27 0 3646
16 1 3647
24 0 3648
17 1 3649
4 1 3650
1 0 3651
11 1 3652
8 0 3653
29 1 3654
24 1 3655
12 0 3656
26 1 3657
20 0 3658
1 1 3659
18 0 3660
9 0 3661
17 0 3662
7 1 3663
14 1 3664
21 0 3665
28 1 3666
6 0 3667
1 0 3668
19 1 3669
8 0 3670
29 1 3671
28 1 3672
17 0 3673
15 1 3674
17 0 3675
15 1 3676
21 0 3677
6 0 3678
13 1 3679
22 1 3680
29 0 3681
0 1 3682
2 1 3683
5 0 3684
5 0 3685
17 1 3686
20 0 3687
2 1 3688
17 0 3689
18 0 3690
22 1 3691
16 0 3692
5 1 3693
18 1 3694
17 0 3695
2 1 3696
17 0 3697
1 1 3698
4 1 3699
22 0 3700
22 1 3701
26 0 3702
19 0 3703
28 0 3704
3 1 3705
24 0 3706
20 1 3707
29 1 3708
25 1 3709
1 0 3710
12 0 3711
6 1 3712
27 0 3713
22 1 3714
25 1 3715
25 0 3716
23 1 3717
26 1 3718
14 0 3719
17 1 3720
10 0 3721
18 0 3722
0 0 3723
14 0 3724
14 1 3725
18 0 3726
7 1 3727
22 1 3728
4 0 3729
12 1 3730
15 0 3731
18 0 3732
24 0 3733
2 1 3734
13 1 3735
4 1 3736
4 0 3737
3 0 3738
10 1 3739
13 0 3740
13 1 3741
21 1 3742
9 1 3743
21 0 3744
29 0 3745
11 1 3746
4 1 3747
15 0 3748
18 0 3749
12 1 3750
26 0 3751
12 1 3752
23 1 3753
14 0 3754
6 0 3755
11 1 3756
4 1 3757
2 0 3758
6 0 3759
10 1 3760
26 0 3761
5 1 3762
0 1 3763
29 0 3764
7 0 3765
9 1 3766
26 0 3767
23 0 3768
28 1 3769
28 1 3770
23 1 3771
5 0 3772
4 0 3773
18 1 3774
11 0 3775
2 1 3776
19 1 3777
17 0 3778
10 0 3779
23 0 3780
5 0 3781
7 0 3782
28 1 3783
16 1 3784
29 1 3785
22 1 3786
0 1 3787
16 0 3788
19 0 3789
27 1 3790
26 0 3791
22 1 3792
5 0 3793
10 1 3794
11 0 3795
3 1 3796
1 0 3797
21 1 3798
9 1 3799
17 0 3800
5 0 3801
18 1 3802
29 0 3803
19 1 3804
12 1 3805
13 0 3806
15 0 3807
21 1 3808
4 0 3809
22 0 3810
15 1 3811
4 0 3812
29 1 3813
8 1 3814
20 1 3815
13 1 3816
10 0 3817
27 0 3818
26 1 3819
20 1 3820
5 0 3821
19 0 3822
11 0 3823
12 1 3824
5 0 3825
22 0 3826
26 0 3827
16 1 3828
24 1 3829
24 0 3830
14 1 3831
29 1 3832
19 0 3833
12 1 3834
8 0 3835
14 1 3836
14 0 3837
21 1 3838
18 0 3839
0 1 3840
18 0 3841
26 1 3842
11 1 3843
14 0 3844
24 0 3845
28 1 3846
12 0 3847
24 1 3848
9 0 3849
25 1 3850
18 1 3851
15 1 3852
22 1 3853
16 0 3854
3 0 3855
2 0 3856
29 0 3857
27 1 3858
18 0 3859
19 0 3860
20 0 3861
13 1 3862
24 1 3863
28 1 3864
29 0 3865
2 1 3866
5 0 3867
23 1 3868
6 0 3869
25 1 3870
22 0 3871
23 0 3872
7 1 3873
28 1 3874
19 0 3875
4 1 3876
9 0 3877
18 1 3878
24 0 3879
4 0 3880
23 1 3881
14 1 3882
26 0 3883
3 1 3884
19 0 3885
6 0 3886
15 1 3887
11 1 3888
25 0 3889
25 1 3890
16 1 3891
16 0 3892
15 1 3893
15 0 3894
13 1 3895
0 0 3896
22 1 3897
21 0 3898
24 0 3899
7 0 3900
11 1 3901
12 0 3902
5 0 3903
14 1 3904
26 0 3905
0 1 3906
21 1 3907
24 0 3908
26 1 3909
11 1 3910
0 0 3911
0 0 3912
23 1 3913
13 0 3914
9 1 3915
10 0 3916
8 1 3917
5 1 3918
25 0 3919
0 0 3920
23 1 3921
18 1 3922
22 0 3923
15 1 3924
26 0 3925
1 1 3926
12 1 3927
3 0 3928
8 0 3929
0 0 3930
13 1 3931
9 1 3932
14 0 3933
8 1 3934
28 1 3935
12 0 3936
7 1 3937
20 0 3938
28 0 3939
11 0 3940
21 1 3941
4 1 3942
23 0 3943
13 1 3944
18 1 3945
2 1 3946
21 0 3947
27 0 3948
2 1 3949
27 0 3950
12 0 3951
29 1 3952
12 0 3953
29 1 3954
19 0 3955
16 1 3956
20 0 3957
27 1 3958
22 0 3959
1 1 3960
2 1 3961
5 0 3962
18 0 3963
21 1 3964
19 0 3965
23 0 3966
18 0 3967
27 1 3968
21 1 3969
8 1 3970
22 1 3971
25 0 3972
15 0 3973
2 1 3974
11 1 3975
29 0 3976
3 0 3977
10 0 3978
10 1 3979
19 0 3980
23 1 3981
17 1 3982
12 0 3983
18 1 3984
29 0 3985
18 1 3986
21 0 3987
11 1 3988
0 0 3989
25 0 3990
20 1 3991
8 1 3992
20 1 3993
1 0 3994
8 0 3995
11 0 3996
11 1 3997
12 1 3998
22 0 3999
23 1 4000
22 0 4001
6 1 4002
9 0 4003
7 1 4004
1 0 4005
4 1 4006
8 0 4007
12 1 4008
27 1 4009
15 0 4010
16 0 4011
22 1 4012
7 1 4013
11 0 4014
0 1 4015
13 0 4016
19 1 4017
3 0 4018
21 0 4019
8 0 4020
27 1 4021
3 1 4022
4 1 4023
26 1 4024
21 0 4025
0 0 4026
22 0 4027
15 0 4028
7 0 4029
3 1 4030
17 1 4031
6 1 4032
20 0 4033
20 0 4034
2 1 4035
0 1 4036
2 1 4037
14 0 4038
21 0 4039
27 0 4040
12 1 4041
7 1 4042
9 0 4043
5 1 4044
18 1 4045
26 1 4046
9 0 4047
28 1 4048
22 1 4049
15 0 4050
20 1 4051
14 0 4052
8 1 4053
23 0 4054
0 0 4055
20 1 4056
22 0 4057
14 0 4058
28 0 4059
22 1 4060
3 0 4061
11 0 4062
11 0 4063
18 0 4064
20 1 4065
8 1 4066
21 1 4067
5 1 4068
12 0 4069
0 1 4070
21 1 4071
20 0 4072
14 0 4073
27 1 4074
9 1 4075
21 0 4076
17 0 4077
7 0 4078
21 1 4079
26 1 4080
23 0 4081
10 0 4082
2 1 4083
28 1 4084
23 0 4085
3 1 4086
10 0 4087
25 1 4088
13 0 4089
3 1 4090
23 1 4091
17 0 4092
26 0 4093
13 1 4094
0 1 4095
14 0 4096
20 0 4097
11 1 4098
26 0 4099
22 0 4100
9 0 4101
20 1 4102
23 1 4103
26 0 4104
29 1 4105
6 1 4106
16 1 4107
12 0 4108
4 1 4109
19 0 4110
0 0 4111
28 0 4112
13 0 4113
22 1 4114
5 1 4115
8 1 4116
25 0 4117
6 0 4118
16 1 4119
4 0 4120
18 1 4121
9 1 4122
20 0 4123
20 1 4124
0 1 4125
27 0 4126
4 0 4127
8 0 4128
1 1 4129
0 1 4130
14 0 4131
23 1 4132
6 1 4133
20 0 4134
4 0 4135
1 0 4136
11 1 4137
22 1 4138
29 0 4139
21 1 4140
1 1 4141
18 0 4142
18 0 4143
3 0 4144
14 1 4145
8 0 4146
9 1 4147
12 0 4148
19 1 4149
4 0 4150
21 0 4151
19 1 4152
24 1 4153
9 1 4154
2 0 4155
19 0 4156
6 1 4157
6 0 4158
12 1 4159
27 0 4160
1 1 4161
12 1 4162
11 0 4163
25 1 4164
8 0 4165
18 0 4166
16 0 4167
18 0 4168
0 1 4169
12 1 4170
16 1 4171
6 0 4172
0 1 4173
14 0 4174
17 1 4175
17 0 4176
17 1 4177
9 1 4178
9 0 4179
21 0 4180
1 1 4181
15 1 4182
3 1 4183
15 0 4184
21 0 4185
27 0 4186
6 0 4187
3 1 4188
13 1 4189
13 1 4190
24 1 4191
27 0 4192
24 0 4193
25 1 4194
24 0 4195
13 1 4196
21 1 4197
17 0 4198
22 0 4199
7 1 4200
20 1 4201
22 0 4202
23 1 4203
5 0 4204
7 0 4205
12 1 4206
20 0 4207
3 1 4208
28 0 4209
14 1 4210
29 1 4211
9 0 4212
25 1 4213
0 0 4214
15 1 4215
3 0 4216
2 0 4217
13 1 4218
2 0 4219
15 0 4220
8 1 4221
19 0 4222
8 1 4223
5 1 4224
25 0 4225
12 0 4226
10 1 4227
16 1 4228
28 1 4229
3 0 4230
20 0 4231
26 1 4232
12 1 4233
29 0 4234
25 0 4235
4 1 4236
19 1 4237
21 1 4238
15 1 4239
6 1 4240
20 1 4241
11 0 4242
7 0 4243
15 0 4244
0 0 4245
27 1 4246
21 0 4247
22 1 4248
1 0 4249
4 0 4250
20 0 4251
11 0 4252
20 1 4253
14 0 4254
19 1 4255
3 1 4256
25 1 4257
23 0 4258
27 0 4259
7 1 4260
11 0 4261
26 1 4262
19 1 4263
22 0 4264
2 0 4265
1 1 4266
7 0 4267
2 0 4268
19 0 4269
13 1 4270
27 1 4271
11 0 4272
20 1 4273
15 1 4274
1 0 4275
21 1 4276
3 0 4277
1 0 4278
29 1 4279
2 0 4280
24 1 4281
10 0 4282
6 1 4283
12 0 4284
13 0 4285
9 1 4286
20 1 4287
19 0 4288
9 0 4289
16 1 4290
10 1 4291
22 0 4292
5 1 4293
14 1 4294
15 0 4295
16 0 4296
27 1 4297
5 1 4298
20 0 4299
25 1 4300
1 0 4301
24 0 4302
19 1 4303
15 1 4304
3 1 4305
11 0 4306
22 0 4307
2 1 4308
29 1 4309
26 0 4310
7 0 4311
6 0 4312
8 1 4313
0 0 4314
7 1 4315
10 1 4316
10 0 4317
1 1 4318
6 0 4319
26 0 4320
16 1 4321
0 1 4322
27 0 4323
9 1 4324
28 0 4325
24 1 4326
15 1 4327
26 1 4328
6 0 4329
8 0 4330
3 1 4331
1 0 4332
23 1 4333
19 0 4334
14 0 4335
8 0 4336
1 1 4337
26 0 4338
22 1 4339
15 1 4340
12 0 4341
11 1 4342
27 0 4343
12 1 4344
1 1 4345
9 0 4346
18 1 4347
8 1 4348
19 0 4349
2 1 4350
12 0 4351
20 0 4352
22 0 4353
11 0 4354
25 1 4355
16 0 4356
15 1 4357
15 0 4358
20 0 4359
11 1 4360
17 1 4361
20 1 4362
4 1 4363
24 0 4364
15 0 4365
3 0 4366
0 1 4367
6 1 4368
2 0 4369
20 1 4370
13 1 4371
27 0 4372
20 0 4373
9 1 4374
16 0 4375
16 0 4376
17 1 4377
12 0 4378
0 1 4379
10 1 4380
0 0 4381
22 1 4382
3 0 4383
4 0 4384
13 1 4385
21 1 4386
9 0 4387
12 1 4388
18 0 4389
22 1 4390
1 1 4391
7 1 4392
27 0 4393
17 0 4394
23 0 4395
12 0 4396
13 1 4397
10 0 4398
27 1 4399
15 1 4400
28 0 4401
13 1 4402
13 0 4403
7 0 4404
11 1 4405
11 1 4406
15 1 4407
25 0 4408
28 0 4409
13 1 4410
6 0 4411
9 0 4412
7 0 4413
2 1 4414
5 1 4415
21 1 4416
23 0 4417
1 1 4418
12 0 4419
13 1 4420
19 1 4421
21 0 4422
23 0 4423
23 0 4424
0 1 4425
5 0 4426
25 0 4427
10 1 4428
23 1 4429
16 1 4430
7 1 4431
9 0 4432
8 1 4433
15 0 4434
3 1 4435
27 0 4436
25 0 4437
7 0 4438
20 1 4439
28 1 4440
16 0 4441
3 1 4442
28 0 4443
0 1 4444
2 0 4445
16 1 4446
12 0 4447
20 1 4448
0 0 4449
16 1 4450
2 0 4451
20 1 4452
7 1 4453
16 1 4454
15 0 4455
0 0 4456
7 0 4457
11 1 4458
15 0 4459
22 1 4460
14 1 4461
28 0 4462
1 0 4463
23 0 4464
21 1 4465
18 1 4466
11 0 4467
10 1 4468
15 1 4469
8 0 4470
22 0 4471
23 0 4472
4 1 4473
0 0 4474
17 1 4475
21 0 4476
25 0 4477
12 1 4478
29 1 4479
0 1 4480
8 0 4481
4 1 4482
17 1 4483
22 0 4484
14 0 4485
27 1 4486
1 1 4487
5 0 4488
14 1 4489
19 0 4490
18 0 4491
1 1 4492
6 1 4493
8 0 4494
2 0 4495
17 0 4496
21 1 4497
2 1 4498
28 0 4499
0 1 4500
17 0 4501
0 0 4502
12 1 4503
25 1 4504
15 0 4505
22 0 4506
2 1 4507
8 1 4508
29 0 4509
2 1 4510
15 1 4511
14 0 4512
4 1 4513
15 0 4514
22 1 4515
29 0 4516
17 0 4517
0 0 4518
19 1 4519
0 1 4520
0 1 4521
26 1 4522
2 1 4523
5 0 4524
16 0 4525
1 1 4526
21 0 4527
0 0 4528
25 1 4529
10 0 4530
15 1 4531
26 1 4532
27 0 4533
19 0 4534
2 0 4535
19 1 4536
19 0 4537
2 1 4538
23 1 4539
27 0 4540
0 1 4541
11 0 4542
16 0 4543
22 1 4544
17 1 4545
20 0 4546
13 0 4547
22 1 4548
17 0 4549
10 1 4550
27 0 4551
12 1 4552
29 0 4553
26 0 4554
11 0 4555
20 1 4556
16 1 4557
4 0 4558
20 1 4559
5 1 4560
15 0 4561
22 1 4562
27 0 4563
11 1 4564
21 0 4565
25 1 4566
23 0 4567
20 1 4568
20 0 4569
4 0 4570
15 0 4571
25 0 4572
24 1 4573
10 1 4574
0 1 4575
3 1 4576
26 0 4577
21 1 4578
13 0 4579
6 0 4580
8 0 4581
16 1 4582
17 1 4583
8 1 4584
5 0 4585
14 1 4586
4 0 4587
0 0 4588
8 0 4589
3 1 4590
2 1 4591
5 0 4592
18 1 4593
0 1 4594
20 0 4595
19 1 4596
17 0 4597
1 1 4598
27 0 4599
14 1 4600
12 1 4601
5 1 4602
12 0 4603
11 0 4604
5 0 4605
28 0 4606
18 1 4607
10 1 4608
2 0 4609
6 1 4610
9 1 4611
5 0 4612
17 1 4613
13 0 4614
16 0 4615
10 1 4616
1 1 4617
12 1 4618
24 0 4619
14 0 4620
1 0 4621
0 1 4622
13 0 4623
28 1 4624
11 0 4625
23 1 4626
13 0 4627
18 1 4628
24 1 4629
28 0 4630
12 0 4631
15 1 4632
3 0 4633
20 0 4634
5 1 4635
20 1 4636
24 0 4637
13 1 4638
29 1 4639
28 0 4640
21 1 4641
11 0 4642
27 1 4643
29 0 4644
19 0 4645
1 0 4646
4 1 4647
13 0 4648
22 1 4649
10 1 4650
18 1 4651
27 0 4652
1 0 4653
22 0 4654
16 0 4655
16 1 4656
0 1 4657
11 1 4658
10 1 4659
23 0 4660
15 1 4661
14 0 4662
21 0 4663
13 1 4664
11 0 4665
12 0 4666
12 1 4667
17 1 4668
27 0 4669
16 1 4670
6 1 4671
27 0 4672
20 0 4673
3 0 4674
10 0 4675
8 1 4676
3 1 4677
20 1 4678
16 0 4679
25 1 4680
0 1 4681
0 0 4682
6 0 4683
0 0 4684
24 1 4685
4 0 4686
3 1 4687
21 0 4688
2 1 4689
8 1 4690
15 0 4691
7 1 4692
10 1 4693
3 0 4694
0 0 4695
0 1 4696
8 1 4697
20 0 4698
12 0 4699
25 0 4700
3 1 4701
29 1 4702
21 1 4703
28 1 4704
12 0 4705
6 0 4706
12 0 4707
26 1 4708
1 1 4709
18 0 4710
28 0 4711
1 0 4712
14 1 4713
10 0 4714
1 1 4715
0 1 4716
17 0 4717
12 1 4718
11 0 4719
17 1 4720
11 0 4721
5 0 4722
16 1 4723
11 0 4724
12 1 4725
29 1 4726
7 0 4727
24 0 4728
13 1 4729
10 1 4730
9 1 4731
22 0 4732
21 0 4733
1 1 4734
6 1 4735
9 0 4736
6 0 4737
9 0 4738
7 1 4739
8 1 4740
7 0 4741
17 1 4742
28 1 4743
0 0 4744
18 0 4745
27 1 4746
13 0 4747
16 1 4748
13 0 4749
17 1 4750
22 0 4751
0 0 4752
25 1 4753
0 0 4754
15 1 4755
14 0 4756
17 1 4757
2 1 4758
22 0 4759
8 1 4760
2 0 4761
4 1 4762
18 0 4763
13 0 4764
12 0 4765
29 1 4766
5 1 4767
17 1 4768
26 1 4769
4 0 4770
25 1 4771
20 0 4772
24 1 4773
16 0 4774
29 1 4775
3 0 4776
2 0 4777
0 1 4778
3 1 4779
18 0 4780
26 1 4781
2 1 4782
15 0 4783
27 0 4784
11 0 4785
23 1 4786
7 1 4787
17 0 4788
10 1 4789
26 0 4790
21 0 4791
11 1 4792
13 0 4793
2 0 4794
23 1 4795
12 1 4796
22 1 4797
11 1 4798
7 0 4799
16 0 4800
2 1 4801
22 0 4802
11 1 4803
3 0 4804
1 0 4805
12 1 4806
12 0 4807
27 1 4808
5 0 4809
6 1 4810
11 0 4811
9 1 4812
15 1 4813
9 0 4814
17 0 4815
28 0 4816
28 1 4817
8 1 4818
21 0 4819
9 1 4820
7 1 4821
8 0 4822
5 0 4823
16 0 4824
7 1 4825
2 1 4826
12 1 4827
13 0 4828
23 1 4829
6 0 4830
9 1 4831
16 0 4832
8 0 4833
9 0 4834
11 1 4835
28 1 4836
25 0 4837
9 1 4838
26 0 4839
16 1 4840
29 0 4841
13 1 4842
16 0 4843
20 1 4844
22 1 4845
8 0 4846
25 1 4847
23 0 4848
12 0 4849
1 0 4850
9 1 4851
18 1 4852
21 0 4853
22 0 4854
6 1 4855
7 0 4856
8 0 4857
7 1 4858
0 1 4859
6 1 4860
26 0 4861
14 1 4862
11 1 4863
9 0 4864
12 1 4865
15 0 4866
9 0 4867
18 0 4868
28 1 4869
14 1 4870
10 0 4871
20 1 4872
20 0 4873
10 0 4874
7 1 4875
6 0 4876
13 1 4877
7 1 4878
14 0 4879
8 0 4880
7 1 4881
27 1 4882
12 0 4883
17 1 4884
1 1 4885
0 0 4886
12 1 4887
13 0 4888
4 1 4889
11 0 4890
2 0 4891
22 1 4892
6 1 4893
25 0 4894
25 1 4895
7 0 4896
2 0 4897
14 1 4898
25 0 4899
22 1 4900
6 1 4901
1 0 4902
2 0 4903
10 0 4904
20 1 4905
20 0 4906
19 1 4907
13 0 4908
11 1 4909
17 1 4910
17 1 4911
7 0 4912
24 0 4913
14 0 4914
24 1 4915
1 1 4916
16 0 4917
18 1 4918
14 1 4919
9 0 4920
22 0 4921
13 0 4922
9 1 4923
1 1 4924
18 0 4925
19 0 4926
13 1 4927
6 1 4928
2 0 4929
18 1 4930
29 0 4931
12 0 4932
1 1 4933
17 1 4934
18 0 4935
26 1 4936
14 0 4937
16 1 4938
16 0 4939
29 1 4940
28 0 4941
12 1 4942
16 1 4943
1 0 4944
8 0 4945
12 1 4946
20 0 4947
18 1 4948
11 0 4949
4 0 4950
7 0 4951
7 1 4952
3 1 4953
11 0 4954
25 0 4955
12 1 4956
25 1 4957
0 0 4958
18 0 4959
13 1 4960
16 1 4961
26 1 4962
6 0 4963
10 0 4964
23 0 4965
20 1 4966
9 0 4967
3 1 4968
8 1 4969
1 1 4970
25 1 4971
3 0 4972
2 0 4973
20 0 4974
1 0 4975
2 1 4976
17 1 4977
13 1 4978
20 1 4979
23 0 4980
0 1 4981
6 1 4982
26 1 4983
24 1 4984
1 0 4985
17 0 4986
13 0 4987
29 1 4988
15 1 4989
15 0 4990
12 0 4991
12 0 4992
29 0 4993
24 1 4994
6 1 4995
0 0 4996
22 1 4997
6 0 4998
24 0 4999
20 0 5000
