8 1 1
25 0 2
28 1 2
5 0 3
5 0 4
13 1 4
20 1 5
1 0 6
25 0 6
18 1 7
24 0 8
14 1 8
18 1 9
11 0 10
27 0 10
5 0 11
27 1 12
9 1 12
0 0 13
10 0 14
20 1 14
14 1 15
6 1 16
9 1 16
14 1 17
3 0 18
17 0 18
4 0 19
22 1 20
6 0 20
19 0 21
25 1 22
4 0 22
20 0 23
21 0 24
5 0 24
21 1 25
5 0 26
20 1 26
14 0 27
23 0 28
21 1 28
15 1 29
23 1 30
6 1 30
26 1 31
21 0 32
21 1 32
25 0 33
22 0 34
25 1 34
29 1 35
0 1 36
11 0 36
8 0 37
3 1 38
12 1 38
9 0 39
12 1 40
10 0 40
23 0 41
9 1 42
0 1 42
8 0 43
7 1 44
25 0 44
21 0 45
11 1 46
7 0 46
14 1 47
12 0 48
13 1 48
13 1 49
13 0 50
18 0 50
26 0 51
5 1 52
0 0 52
4 1 53
27 1 54
14 1 54
27 0 55
10 0 56
11 0 56
16 1 57
3 0 58
16 1 58
3 0 59
3 1 60
2 1 60
2 1 61
23 0 62
10 0 62
17 1 63
0 1 64
20 0 64
7 0 65
13 0 66
16 1 66
16 0 67
4 1 68
2 1 68
16 0 69
28 1 70
19 0 70
9 1 71
12 0 72
15 1 72
16 1 73
16 0 74
2 0 74
2 0 75
25 1 76
15 1 76
16 1 77
16 0 78
11 1 78
29 0 79
10 0 80
8 0 80
24 1 81
11 1 82
23 0 82
19 0 83
19 1 84
25 1 84
13 0 85
22 1 86
29 0 86
11 1 87
13 1 88
7 1 88
20 0 89
3 1 90
6 0 90
27 0 91
12 0 92
3 1 92
3 0 93
9 1 94
23 1 94
7 0 95
10 1 96
16 0 96
15 0 97
10 1 98
4 0 98
21 0 99
18 1 100
13 1 100
11 1 101
28 0 102
0 0 102
4 1 103
5 0 104
29 1 104
29 0 105
27 0 106
8 1 106
0 1 107
9 0 108
5 1 108
9 1 109
15 1 110
10 0 110
28 0 111
20 1 112
14 0 112
4 0 113
19 1 114
12 0 114
15 0 115
15 1 116
11 0 116
0 1 117
20 1 118
7 0 118
21 1 119
6 0 120
29 1 120
27 1 121
12 0 122
19 1 122
27 0 123
29 0 124
24 1 124
23 0 125
26 1 126
9 1 126
15 0 127
10 0 128
3 1 128
8 1 129
3 0 130
8 0 130
17 0 131
17 1 132
7 1 132
3 0 133
18 0 134
27 1 134
13 1 135
14 0 136
13 0 136
21 1 137
9 1 138
18 0 138
0 1 139
19 1 140
5 0 140
9 1 141
20 0 142
12 1 142
17 1 143
19 0 144
20 0 144
24 1 145
1 0 146
13 1 146
20 1 147
18 0 148
3 1 148
2 0 149
0 0 150
8 0 150
5 1 151
9 0 152
28 1 152
1 1 153
27 0 154
6 1 154
4 0 155
0 1 156
19 0 156
2 0 157
26 1 158
14 0 158
15 1 159
2 1 160
14 0 160
6 0 161
3 0 162
11 1 162
0 1 163
20 0 164
27 1 164
9 1 165
25 0 166
8 1 166
17 0 167
15 0 168
20 0 168
26 0 169
26 1 170
28 0 170
23 1 171
10 1 172
23 1 172
19 1 173
15 0 174
0 0 174
4 0 175
6 1 176
1 1 176
26 1 177
9 1 178
12 0 178
1 0 179
11 0 180
10 0 180
26 0 181
5 1 182
17 1 182
19 1 183
17 0 184
6 0 184
2 1 185
11 1 186
18 0 186
18 1 187
5 0 188
29 1 188
9 0 189
25 1 190
13 0 190
21 1 191
13 0 192
29 0 192
19 1 193
20 1 194
23 0 194
12 1 195
1 1 196
7 0 196
23 0 197
21 1 198
6 0 198
17 0 199
29 1 200
2 0 200
29 1 201
7 1 202
12 0 202
12 1 203
28 0 204
18 1 204
28 0 205
6 1 206
0 0 206
20 1 207
17 1 208
14 0 208
20 0 209
20 1 210
2 0 210
2 0 211
18 1 212
21 1 212
4 1 213
1 0 214
9 0 214
18 0 215
4 1 216
22 0 216
25 1 217
0 1 218
2 0 218
22 1 219
13 0 220
20 1 220
18 0 221
17 1 222
21 0 222
29 1 223
4 1 224
0 0 224
25 1 225
3 0 226
6 0 226
20 1 227
14 0 228
7 1 228
20 0 229
10 1 230
17 1 230
5 0 231
7 1 232
29 0 232
6 0 233
11 1 234
21 0 234
28 1 235
29 1 236
1 0 236
15 0 237
2 0 238
27 1 238
9 1 239
20 1 240
7 0 240
6 0 241
28 1 242
21 1 242
23 0 243
2 0 244
21 1 244
10 0 245
17 1 246
16 1 246
1 0 247
20 0 248
7 1 248
22 1 249
20 0 250
22 0 250
22 1 251
28 0 252
4 1 252
26 0 253
8 0 254
29 1 254
11 1 255
25 0 256
9 1 256
26 1 257
16 0 258
21 0 258
18 1 259
3 0 260
14 1 260
4 1 261
14 1 262
11 0 262
10 1 263
13 1 264
25 0 264
1 0 265
25 0 266
0 0 266
22 0 267
21 1 268
18 1 268
14 0 269
0 1 270
26 0 270
6 1 271
0 0 272
17 1 272
27 1 273
28 0 274
19 0 274
4 0 275
3 1 276
18 0 276
23 1 277
22 0 278
29 0 278
6 1 279
22 1 280
6 1 280
28 0 281
26 1 282
4 0 282
9 0 283
20 0 284
13 1 284
27 1 285
26 1 286
18 0 286
9 1 287
10 0 288
17 0 288
9 1 289
0 0 290
12 1 290
13 1 291
27 0 292
17 0 292
9 0 293
15 1 294
24 1 294
26 0 295
19 1 296
26 0 296
7 0 297
3 1 298
22 1 298
21 1 299
14 0 300
7 1 300
20 1 301
11 1 302
7 1 302
24 0 303
1 1 304
11 0 304
22 0 305
3 1 306
9 0 306
4 0 307
23 1 308
29 1 308
15 0 309
26 0 310
11 0 310
21 1 311
29 0 312
6 0 312
29 1 313
7 1 314
1 0 314
24 1 315
12 0 316
20 1 316
6 0 317
17 1 318
7 0 318
12 1 319
27 0 320
14 1 320
6 0 321
9 0 322
21 1 322
10 1 323
20 0 324
27 0 324
29 1 325
0 1 326
25 0 326
18 0 327
1 1 328
22 0 328
10 1 329
13 0 330
18 1 330
21 1 331
18 1 332
20 0 332
8 1 333
24 0 334
25 1 334
8 0 335
21 1 336
20 0 336
24 1 337
19 0 338
17 1 338
4 0 339
21 0 340
18 0 340
8 1 341
20 1 342
19 1 342
0 0 343
0 1 344
23 0 344
25 0 345
1 1 346
15 1 346
14 0 347
29 0 348
12 0 348
24 0 349
21 0 350
4 1 350
18 1 351
11 0 352
10 1 352
13 1 353
18 1 354
10 0 354
29 0 355
6 1 356
27 0 356
29 1 357
1 1 358
27 1 358
7 0 359
6 0 360
15 1 360
19 1 361
19 1 362
9 0 362
27 1 363
3 0 364
4 0 364
4 0 365
16 1 366
8 0 366
24 0 367
3 1 368
27 0 368
10 1 369
11 1 370
12 0 370
20 1 371
29 0 372
27 1 372
19 0 373
3 1 374
7 1 374
10 0 375
20 1 376
16 0 376
17 1 377
9 0 378
21 0 378
16 1 379
12 0 380
29 0 380
6 1 381
19 1 382
9 0 382
21 0 383
2 1 384
6 1 384
15 0 385
27 1 386
6 0 386
1 0 387
15 1 388
14 1 388
0 1 389
21 0 390
20 0 390
18 1 391
19 0 392
2 0 392
3 1 393
21 1 394
24 0 394
23 1 395
23 1 396
19 0 396
21 0 397
25 1 398
0 1 398
27 0 399
0 0 400
12 1 400
14 0 401
16 1 402
19 0 402
1 1 403
8 1 404
19 1 404
10 0 405
18 0 406
12 0 406
0 1 407
27 1 408
6 0 408
7 0 409
29 0 410
8 1 410
15 1 411
29 1 412
7 0 412
6 1 413
24 0 414
29 0 414
12 1 415
19 0 416
4 1 416
18 0 417
13 1 418
25 0 418
7 0 419
11 1 420
10 1 420
8 0 421
6 1 422
2 1 422
15 0 423
1 0 424
1 1 424
28 1 425
2 0 426
6 0 426
27 0 427
9 1 428
29 1 428
22 1 429
10 0 430
4 0 430
12 0 431
4 1 432
5 1 432
16 0 433
21 1 434
8 0 434
14 1 435
7 1 436
29 0 436
7 1 437
11 0 438
3 1 438
4 1 439
10 0 440
12 0 440
3 1 441
22 0 442
14 1 442
18 1 443
23 0 444
5 0 444
14 0 445
27 0 446
23 1 446
15 0 447
7 0 448
23 1 448
22 1 449
2 1 450
20 1 450
22 0 451
11 1 452
14 1 452
15 0 453
7 0 454
13 0 454
23 1 455
19 0 456
19 0 456
25 1 457
7 1 458
29 1 458
2 0 459
11 0 460
0 1 460
14 0 461
9 1 462
19 1 462
16 0 463
11 0 464
17 0 464
1 1 465
23 1 466
21 0 466
9 1 467
25 0 468
6 0 468
18 1 469
19 1 470
11 0 470
18 1 471
7 0 472
23 0 472
11 0 473
15 1 474
12 1 474
17 1 475
20 0 476
22 1 476
14 0 477
11 1 478
22 0 478
4 0 479
6 1 480
18 1 480
6 1 481
23 0 482
0 0 482
17 0 483
6 1 484
17 0 484
12 1 485
2 1 486
1 1 486
28 0 487
2 0 488
13 1 488
20 1 489
29 0 490
22 1 490
18 0 491
7 1 492
23 0 492
11 1 493
27 0 494
13 0 494
19 1 495
22 0 496
28 1 496
21 0 497
23 1 498
17 0 498
1 1 499
12 0 500
0 0 500
9 0 501
16 1 502
1 1 502
20 1 503
17 0 504
22 1 504
3 0 505
15 0 506
6 1 506
21 1 507
0 0 508
25 1 508
28 0 509
9 1 510
12 0 510
11 0 511
15 1 512
10 1 512
16 0 513
28 1 514
25 0 514
7 1 515
22 0 516
10 0 516
9 1 517
9 1 518
0 0 518
4 1 519
19 1 520
0 0 520
20 0 521
18 0 522
13 1 522
0 0 523
15 1 524
18 0 524
14 1 525
20 1 526
11 0 526
0 0 527
18 1 528
18 0 528
7 1 529
19 1 530
19 0 530
7 0 531
12 1 532
11 1 532
18 1 533
10 1 534
21 1 534
15 0 535
2 1 536
17 0 536
23 0 537
29 0 538
26 1 538
28 0 539
15 0 540
18 1 540
20 0 541
16 1 542
4 0 542
29 1 543
7 1 544
24 1 544
29 1 545
17 0 546
4 0 546
7 0 547
1 1 548
3 0 548
14 0 549
13 1 550
24 0 550
15 1 551
1 1 552
11 0 552
21 0 553
0 1 554
10 0 554
18 1 555
18 0 556
6 1 556
29 0 557
2 1 558
15 1 558
15 0 559
3 1 560
1 0 560
1 0 561
13 0 562
20 1 562
29 1 563
26 0 564
12 0 564
17 1 565
23 1 566
23 1 566
3 1 567
18 0 568
11 0 568
1 0 569
1 0 570
23 0 570
14 1 571
20 0 572
24 1 572
25 1 573
7 0 574
29 0 574
6 1 575
14 0 576
9 1 576
23 1 577
7 1 578
25 0 578
2 0 579
27 1 580
1 1 580
13 1 581
20 0 582
20 0 582
20 1 583
21 0 584
5 1 584
18 0 585
5 1 586
19 1 586
9 0 587
2 0 588
6 0 588
7 1 589
27 0 590
17 1 590
4 1 591
1 0 592
17 1 592
7 0 593
9 1 594
13 1 594
21 0 595
20 1 596
20 0 596
11 1 597
29 0 598
29 0 598
21 0 599
24 1 600
23 0 600
27 1 601
15 1 602
16 0 602
19 0 603
25 1 604
29 0 604
4 0 605
3 0 606
10 1 606
10 1 607
1 1 608
23 0 608
7 1 609
17 1 610
7 0 610
15 1 611
20 1 612
21 0 612
4 1 613
3 0 614
19 0 614
3 0 615
23 1 616
20 1 616
18 0 617
14 1 618
17 1 618
0 0 619
14 0 620
21 1 620
21 0 621
6 1 622
6 0 622
9 1 623
24 0 624
28 1 624
4 1 625
28 0 626
4 0 626
15 0 627
21 0 628
6 1 628
24 1 629
21 0 630
2 1 630
5 1 631
3 0 632
13 0 632
4 1 633
15 1 634
13 0 634
5 1 635
17 1 636
15 0 636
3 0 637
10 1 638
15 0 638
16 1 639
21 1 640
6 1 640
9 0 641
11 0 642
3 0 642
18 0 643
15 1 644
8 1 644
27 0 645
1 0 646
19 1 646
2 1 647
1 0 648
20 1 648
24 0 649
21 1 650
21 0 650
12 1 651
9 0 652
0 1 652
19 1 653
12 0 654
9 0 654
20 1 655
0 0 656
11 1 656
25 0 657
4 1 658
29 1 658
19 0 659
10 0 660
5 1 660
18 0 661
18 1 662
24 0 662
15 0 663
11 0 664
18 1 664
19 1 665
14 1 666
23 0 666
8 0 667
9 0 668
4 0 668
14 1 669
9 1 670
24 1 670
21 0 671
19 1 672
23 1 672
17 1 673
18 0 674
14 0 674
28 1 675
10 0 676
17 1 676
6 1 677
28 0 678
2 0 678
14 0 679
13 1 680
27 1 680
7 0 681
4 1 682
27 1 682
7 1 683
3 0 684
27 0 684
29 0 685
10 1 686
19 1 686
10 0 687
8 1 688
19 0 688
9 0 689
17 1 690
25 1 690
27 0 691
1 0 692
28 1 692
5 1 693
21 1 694
1 0 694
13 0 695
21 1 696
25 0 696
8 0 697
20 0 698
22 1 698
28 1 699
13 1 700
4 0 700
21 1 701
2 1 702
9 0 702
17 1 703
5 0 704
7 0 704
24 0 705
6 1 706
4 0 706
19 0 707
20 1 708
4 1 708
25 1 709
28 1 710
6 0 710
9 0 711
28 1 712
15 0 712
0 0 713
26 1 714
16 0 714
3 0 715
21 1 716
17 0 716
0 1 717
2 0 718
29 1 718
22 0 719
9 1 720
21 1 720
13 1 721
2 0 722
20 0 722
3 1 723
16 1 724
21 0 724
3 0 725
29 1 726
22 1 726
21 1 727
13 0 728
29 0 728
14 1 729
0 0 730
16 0 730
29 0 731
17 0 732
9 0 732
18 1 733
16 1 734
8 1 734
16 0 735
16 1 736
6 0 736
23 1 737
5 1 738
25 0 738
25 1 739
10 1 740
21 0 740
25 0 741
7 0 742
4 1 742
0 1 743
3 1 744
6 0 744
3 0 745
26 1 746
7 0 746
29 1 747
23 0 748
14 0 748
23 1 749
7 0 750
28 1 750
22 0 751
25 1 752
26 1 752
29 1 753
28 0 754
19 1 754
9 0 755
18 1 756
5 0 756
21 1 757
7 0 758
16 0 758
23 0 759
24 1 760
4 0 760
21 0 761
21 1 762
14 1 762
29 1 763
18 0 764
0 0 764
19 0 765
1 0 766
13 1 766
27 1 767
3 1 768
28 0 768
10 1 769
9 1 770
3 1 770
28 1 771
1 0 772
6 0 772
21 0 773
22 1 774
10 0 774
25 0 775
3 1 776
4 1 776
3 1 777
27 0 778
18 0 778
8 1 779
17 0 780
24 1 780
8 0 781
14 0 782
4 1 782
14 1 783
12 1 784
10 0 784
28 1 785
20 0 786
17 0 786
21 0 787
16 1 788
13 0 788
19 1 789
9 1 790
13 0 790
2 1 791
26 0 792
10 1 792
29 0 793
8 1 794
9 0 794
14 1 795
10 0 796
18 0 796
20 1 797
4 1 798
11 1 798
13 0 799
29 0 800
17 1 800
14 0 801
5 1 802
13 1 802
20 0 803
5 0 804
10 0 804
22 1 805
22 0 806
6 1 806
26 1 807
28 0 808
25 1 808
26 0 809
13 0 810
4 1 810
14 0 811
27 1 812
0 1 812
0 0 813
15 1 814
25 0 814
26 0 815
15 0 816
19 1 816
10 1 817
12 1 818
20 0 818
27 0 819
20 1 820
19 1 820
3 0 821
3 1 822
11 0 822
16 1 823
13 1 824
0 1 824
28 0 825
6 0 826
11 1 826
10 0 827
13 0 828
20 0 828
22 1 829
4 1 830
1 1 830
28 0 831
21 0 832
3 1 832
17 0 833
15 1 834
3 0 834
1 0 835
0 1 836
24 0 836
9 1 837
0 1 838
6 1 838
3 0 839
9 1 840
29 0 840
17 0 841
16 0 842
20 1 842
22 1 843
4 0 844
9 0 844
24 1 845
15 1 846
19 1 846
23 0 847
23 0 848
8 0 848
3 1 849
28 0 850
7 1 850
10 1 851
28 0 852
15 0 852
27 1 853
15 0 854
21 0 854
6 1 855
25 1 856
19 1 856
26 0 857
18 1 858
9 0 858
3 1 859
0 0 860
9 1 860
29 1 861
24 0 862
7 0 862
27 1 863
8 0 864
9 0 864
3 1 865
17 0 866
29 1 866
15 1 867
14 1 868
25 0 868
11 1 869
5 0 870
10 0 870
8 1 871
3 1 872
16 0 872
23 0 873
15 1 874
21 1 874
3 0 875
26 1 876
19 1 876
20 0 877
6 0 878
14 1 878
29 0 879
21 1 880
11 0 880
23 1 881
15 0 882
17 0 882
15 1 883
14 1 884
2 0 884
26 0 885
13 0 886
22 1 886
3 0 887
21 1 888
5 1 888
14 0 889
27 1 890
0 1 890
23 0 891
29 0 892
0 1 892
9 1 893
4 0 894
6 0 894
19 0 895
8 1 896
17 0 896
26 1 897
6 1 898
4 0 898
17 0 899
20 1 900
12 0 900
24 1 901
4 0 902
10 1 902
19 1 903
27 0 904
24 1 904
18 1 905
12 1 906
13 1 906
13 0 907
12 0 908
18 0 908
2 1 909
17 0 910
15 0 910
26 1 911
2 0 912
28 1 912
18 0 913
4 0 914
7 1 914
6 1 915
7 1 916
6 0 916
14 0 917
11 1 918
9 1 918
22 1 919
13 0 920
5 1 920
17 0 921
14 1 922
18 0 922
19 0 923
12 1 924
23 1 924
9 0 925
28 0 926
3 0 926
17 1 927
23 1 928
4 0 928
22 0 929
22 0 930
15 0 930
15 1 931
11 1 932
3 1 932
3 1 933
9 0 934
12 0 934
27 1 935
16 1 936
15 0 936
25 1 937
19 0 938
23 0 938
25 1 939
19 0 940
27 0 940
16 1 941
19 1 942
4 0 942
7 0 943
11 1 944
22 0 944
2 1 945
0 0 946
11 0 946
14 1 947
0 1 948
5 1 948
21 0 949
3 0 950
12 1 950
13 1 951
21 1 952
24 0 952
6 0 953
1 1 954
1 1 954
19 0 955
23 0 956
17 0 956
24 1 957
29 1 958
17 1 958
7 0 959
26 0 960
29 1 960
5 0 961
1 0 962
0 0 962
4 1 963
12 1 964
28 1 964
23 1 965
28 0 966
13 0 966
13 1 967
14 0 968
17 1 968
16 0 969
6 0 970
3 1 970
5 1 971
14 0 972
19 1 972
1 1 973
24 0 974
12 0 974
16 0 975
8 0 976
22 1 976
16 1 977
21 1 978
9 0 978
12 0 979
5 1 980
9 0 980
23 1 981
12 1 982
28 1 982
14 0 983
2 0 984
28 1 984
22 1 985
0 0 986
12 0 986
4 1 987
17 0 988
24 0 988
3 0 989
10 1 990
7 1 990
17 1 991
23 0 992
9 1 992
21 0 993
9 1 994
11 0 994
3 0 995
17 1 996
22 1 996
12 0 997
24 0 998
14 1 998
6 1 999
9 0 1000
17 0 1000
9 1 1001
26 1 1002
18 0 1002
14 1 1003
23 0 1004
19 1 1004
26 0 1005
9 0 1006
12 1 1006
5 1 1007
16 1 1008
4 0 1008
9 0 1009
29 1 1010
0 0 1010
16 0 1011
10 0 1012
21 1 1012
1 0 1013
29 1 1014
2 1 1014
0 1 1015
12 0 1016
12 1 1016
14 0 1017
29 1 1018
2 1 1018
14 0 1019
26 0 1020
5 0 1020
20 1 1021
21 1 1022
16 0 1022
7 1 1023
16 1 1024
25 0 1024
0 0 1025
6 1 1026
6 0 1026
6 0 1027
12 0 1028
27 1 1028
3 1 1029
2 1 1030
13 0 1030
22 0 1031
13 1 1032
13 1 1032
3 0 1033
5 1 1034
20 0 1034
17 0 1035
1 1 1036
26 1 1036
28 0 1037
24 1 1038
0 0 1038
6 1 1039
21 0 1040
28 1 1040
13 0 1041
26 0 1042
25 0 1042
27 1 1043
20 1 1044
20 0 1044
7 1 1045
25 1 1046
9 0 1046
23 0 1047
27 0 1048
8 1 1048
24 0 1049
26 1 1050
2 1 1050
24 1 1051
21 0 1052
9 0 1052
2 0 1053
27 1 1054
4 1 1054
9 0 1055
12 1 1056
8 1 1056
1 0 1057
25 1 1058
17 1 1058
11 0 1059
2 0 1060
8 0 1060
19 1 1061
26 1 1062
23 1 1062
29 0 1063
26 0 1064
21 0 1064
23 1 1065
16 0 1066
21 1 1066
21 0 1067
24 1 1068
4 0 1068
10 1 1069
28 1 1070
3 0 1070
21 1 1071
22 0 1072
27 1 1072
8 1 1073
23 0 1074
13 0 1074
19 1 1075
8 1 1076
5 0 1076
17 0 1077
17 1 1078
6 0 1078
1 0 1079
22 1 1080
19 1 1080
28 0 1081
12 0 1082
2 1 1082
9 0 1083
20 1 1084
28 1 1084
0 1 1085
11 0 1086
7 0 1086
7 1 1087
14 1 1088
13 0 1088
3 1 1089
5 0 1090
16 1 1090
19 0 1091
24 1 1092
23 0 1092
22 1 1093
28 0 1094
29 0 1094
28 0 1095
28 1 1096
28 1 1096
0 0 1097
25 1 1098
1 1 1098
14 0 1099
8 1 1100
5 0 1100
3 0 1101
1 1 1102
24 1 1102
24 0 1103
13 0 1104
29 1 1104
29 0 1105
2 1 1106
26 0 1106
15 1 1107
20 0 1108
28 0 1108
18 1 1109
21 1 1110
7 1 1110
22 0 1111
28 0 1112
17 0 1112
5 1 1113
23 1 1114
10 0 1114
23 0 1115
8 1 1116
5 1 1116
28 0 1117
8 1 1118
10 1 1118
20 0 1119
7 1 1120
13 0 1120
22 0 1121
8 0 1122
0 1 1122
23 1 1123
20 1 1124
13 0 1124
6 0 1125
27 1 1126
5 1 1126
24 0 1127
1 0 1128
26 1 1128
22 0 1129
9 1 1130
25 0 1130
8 0 1131
13 1 1132
0 1 1132
28 1 1133
20 0 1134
4 1 1134
21 0 1135
27 0 1136
23 1 1136
2 1 1137
17 0 1138
16 1 1138
18 0 1139
21 1 1140
3 0 1140
25 1 1141
20 0 1142
25 0 1142
7 1 1143
2 1 1144
8 0 1144
15 0 1145
12 1 1146
5 1 1146
4 0 1147
8 1 1148
29 0 1148
1 1 1149
0 0 1150
5 1 1150
22 1 1151
1 0 1152
29 0 1152
8 1 1153
13 0 1154
26 0 1154
0 1 1155
4 0 1156
5 1 1156
15 1 1157
3 0 1158
27 0 1158
13 1 1159
22 0 1160
7 0 1160
23 1 1161
20 1 1162
10 0 1162
2 1 1163
0 1 1164
13 0 1164
19 0 1165
19 1 1166
24 0 1166
11 1 1167
24 0 1168
11 0 1168
15 1 1169
5 0 1170
7 1 1170
16 1 1171
23 0 1172
9 1 1172
29 0 1173
12 1 1174
22 1 1174
4 1 1175
12 0 1176
2 0 1176
8 0 1177
10 0 1178
6 1 1178
12 1 1179
9 0 1180
11 1 1180
1 0 1181
4 1 1182
20 0 1182
27 1 1183
7 0 1184
16 1 1184
20 0 1185
27 0 1186
26 1 1186
27 0 1187
5 1 1188
26 1 1188
22 0 1189
20 0 1190
3 0 1190
11 1 1191
2 1 1192
28 1 1192
28 0 1193
8 1 1194
10 1 1194
9 0 1195
17 0 1196
28 1 1196
21 0 1197
6 1 1198
27 0 1198
0 1 1199
20 0 1200
20 1 1200
5 0 1201
25 0 1202
0 0 1202
20 1 1203
15 1 1204
24 1 1204
2 0 1205
28 1 1206
18 1 1206
19 0 1207
19 0 1208
22 1 1208
4 0 1209
25 0 1210
15 1 1210
12 0 1211
18 1 1212
22 1 1212
5 0 1213
2 1 1214
28 0 1214
11 0 1215
16 1 1216
28 0 1216
18 1 1217
6 1 1218
29 1 1218
18 0 1219
20 0 1220
16 1 1220
10 1 1221
20 0 1222
6 0 1222
13 1 1223
19 0 1224
10 0 1224
0 1 1225
11 1 1226
6 1 1226
6 0 1227
6 0 1228
14 1 1228
18 0 1229
15 0 1230
25 1 1230
13 1 1231
24 1 1232
18 0 1232
21 0 1233
29 0 1234
12 1 1234
21 1 1235
12 0 1236
2 0 1236
2 1 1237
15 1 1238
17 1 1238
2 1 1239
21 0 1240
17 0 1240
10 0 1241
10 1 1242
22 1 1242
26 0 1243
0 0 1244
22 1 1244
24 0 1245
19 1 1246
20 0 1246
25 1 1247
27 0 1248
6 1 1248
21 0 1249
7 0 1250
25 1 1250
9 1 1251
13 0 1252
23 0 1252
8 1 1253
17 1 1254
8 0 1254
20 0 1255
2 1 1256
3 1 1256
19 0 1257
21 1 1258
7 1 1258
17 0 1259
14 1 1260
24 0 1260
5 0 1261
15 1 1262
21 0 1262
15 1 1263
27 0 1264
20 1 1264
22 0 1265
29 1 1266
25 0 1266
5 1 1267
1 1 1268
15 0 1268
14 1 1269
12 0 1270
19 1 1270
22 0 1271
13 0 1272
14 1 1272
0 0 1273
3 1 1274
15 1 1274
6 0 1275
7 0 1276
26 1 1276
7 1 1277
25 1 1278
5 0 1278
10 0 1279
4 0 1280
14 0 1280
27 1 1281
6 1 1282
10 1 1282
8 0 1283
3 1 1284
6 1 1284
5 0 1285
16 0 1286
25 0 1286
23 0 1287
20 1 1288
8 1 1288
6 0 1289
15 1 1290
21 1 1290
29 0 1291
15 0 1292
20 0 1292
9 1 1293
29 1 1294
3 0 1294
18 1 1295
16 0 1296
1 1 1296
25 1 1297
26 0 1298
22 1 1298
0 0 1299
23 1 1300
7 0 1300
16 0 1301
8 1 1302
21 0 1302
10 1 1303
27 0 1304
5 1 1304
1 0 1305
14 0 1306
14 1 1306
27 1 1307
18 1 1308
7 0 1308
20 0 1309
1 0 1310
28 1 1310
9 0 1311
21 1 1312
13 1 1312
21 1 1313
25 1 1314
10 0 1314
20 0 1315
22 1 1316
11 0 1316
9 0 1317
26 1 1318
18 0 1318
18 0 1319
2 0 1320
29 1 1320
12 1 1321
16 0 1322
13 1 1322
7 1 1323
21 0 1324
13 0 1324
4 1 1325
10 1 1326
15 0 1326
23 1 1327
14 0 1328
15 1 1328
23 1 1329
8 1 1330
0 0 1330
28 0 1331
3 1 1332
26 1 1332
27 1 1333
29 0 1334
16 0 1334
16 0 1335
13 1 1336
11 0 1336
14 0 1337
14 0 1338
9 1 1338
25 1 1339
27 0 1340
10 1 1340
22 0 1341
20 0 1342
8 0 1342
17 1 1343
8 1 1344
9 0 1344
21 1 1345
1 1 1346
2 0 1346
12 1 1347
23 0 1348
3 0 1348
18 1 1349
3 1 1350
23 0 1350
29 0 1351
14 1 1352
1 0 1352
12 0 1353
23 1 1354
13 1 1354
5 0 1355
28 1 1356
15 0 1356
24 1 1357
1 1 1358
25 0 1358
19 1 1359
7 0 1360
3 1 1360
17 1 1361
25 0 1362
6 0 1362
28 0 1363
6 1 1364
5 1 1364
27 0 1365
15 0 1366
12 1 1366
22 1 1367
5 0 1368
7 1 1368
8 0 1369
19 1 1370
28 1 1370
24 0 1371
12 0 1372
21 0 1372
12 1 1373
0 1 1374
12 1 1374
1 1 1375
13 0 1376
19 0 1376
18 1 1377
23 0 1378
5 0 1378
3 1 1379
25 0 1380
5 1 1380
5 1 1381
4 0 1382
29 1 1382
19 0 1383
12 1 1384
2 0 1384
29 0 1385
11 1 1386
2 0 1386
21 0 1387
26 1 1388
14 1 1388
17 0 1389
17 0 1390
27 1 1390
6 0 1391
23 1 1392
20 1 1392
6 0 1393
15 1 1394
14 1 1394
22 0 1395
7 0 1396
3 1 1396
18 0 1397
18 0 1398
28 1 1398
23 1 1399
27 0 1400
25 0 1400
0 0 1401
15 1 1402
3 0 1402
10 0 1403
11 1 1404
29 1 1404
20 1 1405
6 1 1406
14 0 1406
26 1 1407
28 0 1408
25 1 1408
12 0 1409
18 1 1410
9 1 1410
13 0 1411
25 0 1412
6 1 1412
18 0 1413
11 1 1414
20 1 1414
21 0 1415
28 0 1416
6 0 1416
25 1 1417
28 0 1418
2 1 1418
7 1 1419
20 0 1420
2 0 1420
3 1 1421
21 0 1422
23 0 1422
12 1 1423
27 1 1424
9 1 1424
8 0 1425
9 0 1426
25 1 1426
3 1 1427
19 0 1428
13 1 1428
23 1 1429
23 0 1430
27 0 1430
6 1 1431
11 0 1432
6 1 1432
4 1 1433
7 1 1434
14 0 1434
7 0 1435
15 0 1436
14 1 1436
19 0 1437
23 1 1438
6 0 1438
12 0 1439
5 1 1440
17 1 1440
22 0 1441
15 1 1442
15 0 1442
6 1 1443
23 0 1444
29 0 1444
7 1 1445
6 1 1446
7 1 1446
8 0 1447
24 1 1448
20 0 1448
6 0 1449
11 0 1450
25 1 1450
4 0 1451
7 1 1452
11 1 1452
3 0 1453
25 0 1454
20 0 1454
12 1 1455
12 1 1456
21 1 1456
23 0 1457
25 1 1458
14 1 1458
14 0 1459
10 0 1460
11 1 1460
6 1 1461
13 0 1462
19 0 1462
2 1 1463
6 1 1464
13 1 1464
22 0 1465
7 0 1466
21 0 1466
7 0 1467
29 1 1468
10 1 1468
23 0 1469
22 1 1470
14 0 1470
3 0 1471
24 1 1472
4 1 1472
3 1 1473
19 0 1474
21 1 1474
25 0 1475
4 0 1476
14 1 1476
7 1 1477
2 0 1478
11 0 1478
26 1 1479
29 1 1480
26 0 1480
0 1 1481
6 0 1482
3 1 1482
7 0 1483
0 0 1484
1 1 1484
11 0 1485
10 1 1486
5 1 1486
1 0 1487
23 1 1488
25 1 1488
17 0 1489
2 0 1490
8 1 1490
12 0 1491
14 1 1492
7 0 1492
13 0 1493
24 0 1494
13 1 1494
18 1 1495
23 0 1496
21 0 1496
23 1 1497
9 0 1498
6 1 1498
16 1 1499
0 1 1500
4 1 1500
18 0 1501
12 0 1502
5 0 1502
9 1 1503
11 1 1504
19 0 1504
1 1 1505
1 0 1506
8 1 1506
9 0 1507
2 0 1508
15 0 1508
25 1 1509
4 0 1510
14 1 1510
10 1 1511
29 1 1512
2 0 1512
25 0 1513
12 1 1514
11 0 1514
25 0 1515
9 1 1516
5 0 1516
8 1 1517
23 1 1518
25 0 1518
9 1 1519
26 0 1520
7 0 1520
8 1 1521
23 1 1522
19 0 1522
5 0 1523
5 1 1524
25 1 1524
15 0 1525
29 0 1526
10 1 1526
28 1 1527
1 0 1528
4 1 1528
14 0 1529
13 0 1530
14 1 1530
2 0 1531
16 1 1532
9 0 1532
0 1 1533
24 0 1534
24 1 1534
3 1 1535
29 0 1536
10 0 1536
15 1 1537
27 1 1538
17 1 1538
23 0 1539
4 0 1540
15 0 1540
9 1 1541
12 1 1542
6 0 1542
7 0 1543
13 1 1544
28 1 1544
5 0 1545
5 1 1546
5 1 1546
16 0 1547
1 0 1548
10 0 1548
18 1 1549
14 1 1550
14 0 1550
2 1 1551
18 1 1552
2 0 1552
3 0 1553
20 1 1554
12 0 1554
24 1 1555
7 0 1556
12 0 1556
26 1 1557
28 0 1558
9 1 1558
11 1 1559
28 1 1560
26 0 1560
19 0 1561
29 0 1562
3 1 1562
13 1 1563
23 0 1564
23 0 1564
0 1 1565
18 1 1566
7 0 1566
19 0 1567
25 1 1568
2 1 1568
12 0 1569
19 1 1570
28 0 1570
9 0 1571
29 1 1572
2 1 1572
26 0 1573
10 0 1574
11 1 1574
15 0 1575
25 1 1576
29 1 1576
7 1 1577
6 0 1578
0 0 1578
7 0 1579
1 1 1580
25 1 1580
3 0 1581
10 1 1582
20 0 1582
9 1 1583
21 1 1584
15 0 1584
16 0 1585
4 1 1586
3 0 1586
19 0 1587
26 1 1588
29 0 1588
25 0 1589
24 0 1590
20 1 1590
18 1 1591
22 1 1592
7 1 1592
9 1 1593
8 0 1594
25 1 1594
14 0 1595
24 1 1596
2 0 1596
27 1 1597
21 0 1598
20 1 1598
12 0 1599
25 0 1600
17 1 1600
28 0 1601
11 1 1602
13 1 1602
1 0 1603
1 1 1604
14 0 1604
8 1 1605
24 0 1606
20 0 1606
6 0 1607
23 1 1608
23 1 1608
23 0 1609
23 1 1610
0 0 1610
2 1 1611
14 0 1612
22 0 1612
13 1 1613
27 1 1614
21 1 1614
26 0 1615
3 0 1616
8 1 1616
2 1 1617
1 1 1618
9 1 1618
11 0 1619
5 0 1620
13 0 1620
16 1 1621
25 0 1622
2 0 1622
22 1 1623
27 0 1624
0 1 1624
13 0 1625
5 1 1626
26 1 1626
19 1 1627
10 0 1628
25 0 1628
22 1 1629
26 0 1630
14 1 1630
18 1 1631
25 0 1632
10 0 1632
29 1 1633
9 0 1634
27 1 1634
8 0 1635
9 0 1636
24 1 1636
18 0 1637
26 1 1638
23 1 1638
3 0 1639
4 1 1640
22 0 1640
15 0 1641
0 1 1642
26 0 1642
27 1 1643
14 0 1644
29 1 1644
10 1 1645
1 0 1646
22 0 1646
4 1 1647
17 0 1648
28 1 1648
6 0 1649
27 1 1650
21 1 1650
26 0 1651
20 0 1652
23 1 1652
11 1 1653
28 0 1654
5 1 1654
23 0 1655
28 1 1656
14 1 1656
24 1 1657
10 0 1658
27 1 1658
19 0 1659
4 0 1660
6 0 1660
13 0 1661
8 0 1662
27 1 1662
9 1 1663
28 0 1664
7 1 1664
18 1 1665
22 0 1666
17 0 1666
17 1 1667
17 0 1668
17 1 1668
24 1 1669
13 0 1670
25 0 1670
24 1 1671
11 1 1672
16 0 1672
23 1 1673
26 0 1674
10 0 1674
29 0 1675
3 1 1676
14 0 1676
3 1 1677
6 1 1678
21 0 1678
13 1 1679
1 1 1680
11 0 1680
29 1 1681
26 0 1682
11 0 1682
25 1 1683
12 0 1684
22 1 1684
13 0 1685
14 1 1686
4 0 1686
13 0 1687
24 1 1688
27 0 1688
0 0 1689
15 1 1690
22 0 1690
5 0 1691
12 1 1692
20 1 1692
7 1 1693
10 1 1694
23 0 1694
18 1 1695
23 0 1696
2 1 1696
4 1 1697
4 0 1698
21 1 1698
5 0 1699
6 1 1700
11 0 1700
21 0 1701
24 0 1702
18 1 1702
10 1 1703
18 1 1704
7 0 1704
19 0 1705
11 0 1706
4 0 1706
18 1 1707
0 1 1708
22 0 1708
22 0 1709
15 1 1710
27 1 1710
24 0 1711
20 1 1712
29 1 1712
6 1 1713
11 0 1714
24 0 1714
29 0 1715
24 1 1716
12 1 1716
29 0 1717
14 1 1718
14 1 1718
12 1 1719
0 1 1720
18 0 1720
2 1 1721
22 0 1722
3 0 1722
5 0 1723
24 1 1724
29 0 1724
6 0 1725
20 0 1726
10 1 1726
1 1 1727
5 1 1728
25 0 1728
2 0 1729
26 1 1730
23 0 1730
27 1 1731
23 0 1732
29 1 1732
20 1 1733
8 0 1734
12 1 1734
12 0 1735
28 1 1736
7 0 1736
24 0 1737
24 1 1738
2 0 1738
3 0 1739
16 1 1740
14 0 1740
23 1 1741
11 1 1742
15 1 1742
13 1 1743
17 0 1744
8 0 1744
13 1 1745
1 0 1746
24 0 1746
25 1 1747
23 1 1748
25 0 1748
21 0 1749
4 1 1750
27 1 1750
9 0 1751
27 1 1752
25 1 1752
15 0 1753
19 1 1754
7 0 1754
13 0 1755
5 0 1756
5 1 1756
11 0 1757
22 1 1758
6 0 1758
2 1 1759
2 0 1760
23 0 1760
27 1 1761
13 0 1762
16 0 1762
14 0 1763
4 1 1764
8 1 1764
26 1 1765
7 1 1766
9 0 1766
8 1 1767
27 1 1768
7 1 1768
15 0 1769
13 1 1770
19 0 1770
9 0 1771
29 0 1772
26 0 1772
1 0 1773
17 1 1774
5 1 1774
9 1 1775
15 1 1776
1 0 1776
11 1 1777
10 0 1778
2 1 1778
15 0 1779
19 0 1780
18 1 1780
25 1 1781
2 0 1782
25 0 1782
3 1 1783
8 0 1784
11 1 1784
7 0 1785
29 1 1786
14 0 1786
8 1 1787
14 0 1788
24 0 1788
1 1 1789
16 1 1790
23 1 1790
15 0 1791
0 1 1792
25 0 1792
0 0 1793
0 0 1794
25 1 1794
12 1 1795
14 1 1796
11 0 1796
9 0 1797
27 1 1798
22 1 1798
11 0 1799
27 0 1800
10 0 1800
1 1 1801
7 0 1802
9 1 1802
3 1 1803
9 1 1804
20 1 1804
14 0 1805
0 0 1806
25 0 1806
19 1 1807
7 1 1808
27 0 1808
5 1 1809
2 0 1810
9 0 1810
2 0 1811
15 1 1812
19 1 1812
25 1 1813
12 0 1814
17 0 1814
4 0 1815
3 1 1816
7 1 1816
1 1 1817
15 0 1818
14 1 1818
6 0 1819
24 0 1820
3 1 1820
29 1 1821
10 1 1822
3 0 1822
23 1 1823
14 0 1824
20 0 1824
12 0 1825
29 1 1826
10 1 1826
3 0 1827
23 0 1828
27 1 1828
29 1 1829
23 0 1830
28 0 1830
16 0 1831
26 1 1832
11 1 1832
6 0 1833
11 1 1834
17 1 1834
17 0 1835
1 0 1836
19 0 1836
5 1 1837
0 1 1838
6 0 1838
9 1 1839
3 0 1840
8 0 1840
2 1 1841
24 0 1842
25 1 1842
2 1 1843
10 0 1844
25 0 1844
18 1 1845
26 1 1846
11 1 1846
9 0 1847
2 1 1848
19 0 1848
22 0 1849
15 1 1850
13 0 1850
26 0 1851
26 1 1852
26 0 1852
11 1 1853
18 0 1854
7 1 1854
7 1 1855
18 0 1856
28 1 1856
2 0 1857
0 0 1858
24 0 1858
19 1 1859
26 1 1860
3 1 1860
21 1 1861
22 0 1862
26 0 1862
18 1 1863
26 0 1864
4 1 1864
8 0 1865
25 1 1866
11 0 1866
28 1 1867
3 0 1868
11 1 1868
12 1 1869
25 0 1870
19 1 1870
1 0 1871
13 1 1872
2 0 1872
19 1 1873
13 0 1874
23 1 1874
24 1 1875
27 0 1876
12 0 1876
10 0 1877
26 0 1878
14 1 1878
25 1 1879
9 0 1880
11 0 1880
4 1 1881
11 1 1882
19 1 1882
27 0 1883
6 0 1884
23 0 1884
27 1 1885
22 1 1886
22 0 1886
14 1 1887
23 0 1888
9 0 1888
0 1 1889
15 1 1890
24 1 1890
12 0 1891
7 1 1892
3 0 1892
18 1 1893
19 0 1894
14 1 1894
20 0 1895
8 0 1896
3 0 1896
19 1 1897
11 1 1898
10 0 1898
3 1 1899
0 1 1900
8 0 1900
7 1 1901
28 0 1902
15 0 1902
5 1 1903
2 1 1904
18 0 1904
19 0 1905
4 0 1906
27 1 1906
14 1 1907
13 1 1908
13 0 1908
25 0 1909
12 1 1910
22 1 1910
7 0 1911
12 1 1912
7 0 1912
0 0 1913
1 1 1914
19 1 1914
1 0 1915
0 0 1916
12 1 1916
8 0 1917
16 1 1918
14 1 1918
8 0 1919
23 1 1920
21 0 1920
5 1 1921
18 0 1922
12 0 1922
24 1 1923
8 0 1924
23 1 1924
9 1 1925
16 1 1926
26 1 1926
3 0 1927
0 0 1928
5 0 1928
2 1 1929
0 0 1930
26 1 1930
3 0 1931
16 0 1932
15 1 1932
28 0 1933
21 1 1934
19 1 1934
19 0 1935
14 0 1936
7 1 1936
21 0 1937
7 1 1938
1 0 1938
19 1 1939
6 1 1940
15 0 1940
11 1 1941
29 0 1942
2 0 1942
3 0 1943
15 1 1944
27 1 1944
9 1 1945
18 0 1946
26 0 1946
29 1 1947
26 1 1948
22 0 1948
23 1 1949
27 0 1950
7 0 1950
25 1 1951
16 0 1952
13 1 1952
26 0 1953
19 1 1954
9 1 1954
23 0 1955
14 0 1956
8 1 1956
5 0 1957
7 0 1958
22 1 1958
25 1 1959
27 0 1960
12 0 1960
19 1 1961
27 0 1962
12 1 1962
21 1 1963
2 0 1964
24 0 1964
3 1 1965
21 1 1966
5 0 1966
20 0 1967
22 1 1968
13 1 1968
11 0 1969
15 1 1970
7 0 1970
3 0 1971
10 1 1972
14 0 1972
0 1 1973
20 1 1974
18 0 1974
0 1 1975
18 0 1976
0 0 1976
27 1 1977
13 1 1978
27 0 1978
11 1 1979
10 0 1980
6 1 1980
12 0 1981
13 1 1982
26 0 1982
28 1 1983
25 0 1984
12 1 1984
18 0 1985
3 0 1986
6 1 1986
8 1 1987
13 0 1988
5 1 1988
22 1 1989
27 0 1990
29 0 1990
16 1 1991
27 1 1992
15 0 1992
23 0 1993
15 1 1994
13 0 1994
16 1 1995
29 1 1996
28 0 1996
5 0 1997
12 1 1998
22 1 1998
10 1 1999
25 0 2000
6 0 2000
8 0 2001
23 1 2002
15 0 2002
10 0 2003
12 1 2004
5 1 2004
14 1 2005
18 0 2006
13 0 2006
20 0 2007
18 1 2008
7 0 2008
25 1 2009
12 1 2010
7 0 2010
7 0 2011
23 1 2012
11 1 2012
14 0 2013
21 1 2014
19 0 2014
25 1 2015
8 0 2016
22 1 2016
0 1 2017
5 0 2018
25 0 2018
13 0 2019
0 1 2020
14 0 2020
7 1 2021
11 1 2022
12 0 2022
10 1 2023
15 1 2024
19 0 2024
2 0 2025
24 0 2026
12 1 2026
18 1 2027
15 0 2028
9 1 2028
29 0 2029
1 1 2030
6 0 2030
14 0 2031
2 0 2032
26 1 2032
5 1 2033
19 1 2034
24 0 2034
26 1 2035
27 0 2036
5 0 2036
8 1 2037
3 1 2038
28 1 2038
19 0 2039
7 0 2040
19 1 2040
18 0 2041
4 0 2042
16 1 2042
25 1 2043
8 1 2044
16 0 2044
15 1 2045
18 0 2046
25 1 2046
22 0 2047
19 1 2048
15 0 2048
8 0 2049
27 1 2050
0 0 2050
8 1 2051
22 0 2052
0 0 2052
5 1 2053
8 1 2054
9 0 2054
12 0 2055
23 1 2056
26 1 2056
10 0 2057
9 0 2058
1 1 2058
23 1 2059
21 0 2060
23 0 2060
3 1 2061
3 1 2062
8 0 2062
27 1 2063
9 0 2064
21 1 2064
5 0 2065
5 0 2066
29 1 2066
6 0 2067
28 1 2068
11 0 2068
1 1 2069
4 0 2070
15 1 2070
22 1 2071
23 0 2072
28 1 2072
12 0 2073
11 1 2074
2 1 2074
3 0 2075
16 0 2076
16 1 2076
16 0 2077
8 1 2078
0 0 2078
21 0 2079
18 1 2080
25 0 2080
7 1 2081
12 1 2082
14 1 2082
21 0 2083
19 1 2084
9 1 2084
16 0 2085
22 0 2086
5 0 2086
14 0 2087
12 1 2088
14 1 2088
8 0 2089
7 0 2090
14 1 2090
4 1 2091
3 0 2092
21 0 2092
9 1 2093
20 1 2094
12 0 2094
26 1 2095
20 1 2096
29 0 2096
15 0 2097
8 0 2098
23 1 2098
20 1 2099
4 1 2100
3 0 2100
20 1 2101
23 0 2102
28 0 2102
11 0 2103
3 1 2104
4 0 2104
14 1 2105
9 1 2106
3 1 2106
8 0 2107
3 0 2108
5 1 2108
15 1 2109
27 0 2110
22 0 2110
20 0 2111
1 0 2112
29 1 2112
23 0 2113
8 1 2114
8 1 2114
5 0 2115
22 1 2116
19 1 2116
5 1 2117
22 0 2118
20 0 2118
5 1 2119
1 0 2120
20 1 2120
23 0 2121
8 1 2122
2 0 2122
12 1 2123
4 0 2124
5 0 2124
3 1 2125
25 1 2126
20 0 2126
16 1 2127
21 1 2128
18 0 2128
12 0 2129
12 0 2130
15 1 2130
19 1 2131
9 0 2132
21 1 2132
26 0 2133
19 1 2134
26 0 2134
5 1 2135
28 0 2136
7 1 2136
16 0 2137
26 1 2138
21 0 2138
26 1 2139
17 1 2140
11 0 2140
23 1 2141
22 0 2142
5 0 2142
21 1 2143
20 1 2144
15 0 2144
3 0 2145
10 1 2146
19 0 2146
3 1 2147
13 1 2148
29 0 2148
22 0 2149
6 1 2150
1 1 2150
26 0 2151
13 0 2152
9 0 2152
29 1 2153
6 0 2154
7 0 2154
26 0 2155
11 1 2156
22 1 2156
14 1 2157
17 1 2158
5 0 2158
14 1 2159
18 0 2160
20 1 2160
19 0 2161
10 1 2162
1 0 2162
14 1 2163
9 0 2164
6 1 2164
6 1 2165
6 0 2166
9 0 2166
20 0 2167
12 1 2168
12 1 2168
21 1 2169
11 1 2170
19 0 2170
10 0 2171
3 0 2172
17 0 2172
27 1 2173
26 1 2174
26 0 2174
1 1 2175
25 0 2176
17 1 2176
1 0 2177
15 1 2178
14 0 2178
5 0 2179
27 0 2180
19 0 2180
0 1 2181
25 1 2182
5 1 2182
20 1 2183
18 1 2184
3 0 2184
20 0 2185
0 1 2186
22 0 2186
17 1 2187
10 0 2188
28 1 2188
20 0 2189
13 1 2190
11 1 2190
12 0 2191
9 1 2192
28 0 2192
26 1 2193
13 0 2194
17 0 2194
16 1 2195
29 1 2196
15 0 2196
23 0 2197
5 1 2198
21 0 2198
12 1 2199
29 0 2200
5 0 2200
25 0 2201
10 1 2202
5 0 2202
17 1 2203
20 1 2204
16 1 2204
27 0 2205
15 1 2206
10 0 2206
18 1 2207
23 0 2208
0 1 2208
5 1 2209
9 0 2210
21 0 2210
16 1 2211
25 0 2212
8 1 2212
27 0 2213
15 0 2214
11 1 2214
24 1 2215
26 0 2216
22 1 2216
22 0 2217
20 1 2218
12 0 2218
17 1 2219
20 0 2220
27 1 2220
18 1 2221
19 1 2222
12 0 2222
5 0 2223
8 0 2224
17 1 2224
18 0 2225
14 1 2226
17 1 2226
8 0 2227
25 0 2228
12 1 2228
12 1 2229
5 0 2230
4 1 2230
15 0 2231
19 0 2232
17 0 2232
28 1 2233
5 1 2234
20 1 2234
24 0 2235
21 1 2236
28 0 2236
29 0 2237
19 1 2238
4 1 2238
0 1 2239
12 1 2240
6 1 2240
26 0 2241
0 0 2242
0 0 2242
25 0 2243
12 0 2244
11 0 2244
8 0 2245
7 1 2246
19 1 2246
13 1 2247
5 0 2248
18 1 2248
6 0 2249
7 0 2250
14 0 2250
18 1 2251
17 1 2252
4 0 2252
24 1 2253
16 0 2254
0 1 2254
15 1 2255
26 1 2256
26 0 2256
19 0 2257
8 1 2258
6 1 2258
13 1 2259
16 0 2260
25 0 2260
11 0 2261
17 0 2262
5 1 2262
1 1 2263
29 1 2264
11 0 2264
17 0 2265
16 0 2266
13 1 2266
24 1 2267
9 1 2268
19 0 2268
0 0 2269
12 0 2270
21 1 2270
8 1 2271
0 0 2272
17 0 2272
25 1 2273
11 0 2274
11 1 2274
14 1 2275
23 1 2276
0 1 2276
26 0 2277
9 0 2278
16 1 2278
15 0 2279
29 1 2280
15 1 2280
28 0 2281
16 1 2282
8 1 2282
9 1 2283
1 0 2284
18 1 2284
1 0 2285
14 0 2286
23 0 2286
13 1 2287
17 0 2288
13 0 2288
26 1 2289
25 1 2290
21 1 2290
8 0 2291
5 0 2292
4 0 2292
8 0 2293
25 0 2294
6 1 2294
5 0 2295
16 0 2296
17 1 2296
5 1 2297
15 1 2298
16 0 2298
3 1 2299
14 1 2300
8 0 2300
13 0 2301
19 0 2302
3 1 2302
5 1 2303
27 0 2304
18 1 2304
11 0 2305
10 1 2306
17 1 2306
29 0 2307
13 0 2308
8 0 2308
26 1 2309
28 1 2310
13 1 2310
0 0 2311
25 1 2312
9 0 2312
7 1 2313
23 1 2314
13 0 2314
13 0 2315
11 0 2316
6 0 2316
27 1 2317
20 1 2318
7 0 2318
26 0 2319
22 1 2320
6 1 2320
14 0 2321
22 1 2322
26 0 2322
14 1 2323
29 0 2324
12 1 2324
8 0 2325
18 0 2326
12 1 2326
23 1 2327
17 1 2328
25 0 2328
22 0 2329
20 0 2330
11 1 2330
28 1 2331
12 0 2332
20 0 2332
10 1 2333
6 1 2334
27 1 2334
18 0 2335
29 0 2336
28 1 2336
19 1 2337
12 1 2338
6 0 2338
28 0 2339
9 1 2340
12 0 2340
21 0 2341
19 1 2342
28 0 2342
18 1 2343
16 1 2344
15 0 2344
20 0 2345
9 0 2346
10 1 2346
9 1 2347
20 0 2348
5 1 2348
22 0 2349
11 1 2350
14 0 2350
26 1 2351
8 1 2352
29 0 2352
7 1 2353
15 0 2354
6 1 2354
12 0 2355
19 0 2356
27 1 2356
29 0 2357
0 1 2358
10 0 2358
14 1 2359
12 1 2360
0 0 2360
27 0 2361
13 1 2362
21 1 2362
26 1 2363
18 0 2364
1 1 2364
20 0 2365
9 0 2366
0 0 2366
18 0 2367
14 1 2368
1 1 2368
17 0 2369
22 1 2370
28 0 2370
14 1 2371
15 1 2372
21 0 2372
6 1 2373
1 0 2374
26 0 2374
26 1 2375
23 0 2376
11 1 2376
27 0 2377
13 1 2378
19 0 2378
27 1 2379
23 0 2380
17 1 2380
19 0 2381
8 1 2382
12 0 2382
25 1 2383
6 0 2384
14 1 2384
7 0 2385
23 1 2386
15 0 2386
25 0 2387
9 1 2388
16 0 2388
17 0 2389
2 1 2390
22 1 2390
18 1 2391
6 1 2392
9 0 2392
29 0 2393
26 1 2394
23 0 2394
13 0 2395
1 1 2396
1 1 2396
18 0 2397
12 0 2398
17 1 2398
3 1 2399
19 0 2400
14 0 2400
5 1 2401
0 1 2402
13 0 2402
0 1 2403
8 1 2404
27 1 2404
1 0 2405
5 0 2406
17 0 2406
14 0 2407
25 1 2408
22 1 2408
2 0 2409
15 0 2410
26 1 2410
14 0 2411
1 0 2412
24 1 2412
19 1 2413
24 1 2414
8 0 2414
21 0 2415
9 1 2416
20 1 2416
18 1 2417
26 1 2418
17 0 2418
1 0 2419
25 0 2420
13 1 2420
20 1 2421
26 0 2422
25 0 2422
19 0 2423
17 1 2424
17 1 2424
9 0 2425
5 0 2426
1 1 2426
9 1 2427
12 0 2428
1 1 2428
18 0 2429
10 1 2430
12 0 2430
27 0 2431
16 1 2432
24 0 2432
17 1 2433
4 1 2434
1 0 2434
11 1 2435
8 0 2436
29 1 2436
24 1 2437
12 0 2438
26 1 2438
20 0 2439
1 1 2440
18 0 2440
9 0 2441
17 0 2442
7 1 2442
14 1 2443
21 0 2444
28 1 2444
6 0 2445
1 0 2446
19 1 2446
8 0 2447
29 1 2448
28 1 2448
17 0 2449
15 1 2450
17 0 2450
15 1 2451
21 0 2452
6 0 2452
13 1 2453
22 1 2454
29 0 2454
0 1 2455
2 1 2456
5 0 2456
5 0 2457
17 1 2458
20 0 2458
2 1 2459
17 0 2460
18 0 2460
22 1 2461
16 0 2462
5 1 2462
18 1 2463
17 0 2464
2 1 2464
17 0 2465
1 1 2466
4 1 2466
22 0 2467
22 1 2468
26 0 2468
19 0 2469
28 0 2470
3 1 2470
24 0 2471
20 1 2472
29 1 2472
25 1 2473
1 0 2474
12 0 2474
6 1 2475
27 0 2476
22 1 2476
25 1 2477
25 0 2478
23 1 2478
26 1 2479
14 0 2480
17 1 2480
10 0 2481
18 0 2482
0 0 2482
14 0 2483
14 1 2484
18 0 2484
7 1 2485
22 1 2486
4 0 2486
12 1 2487
15 0 2488
18 0 2488
24 0 2489
2 1 2490
13 1 2490
4 1 2491
4 0 2492
3 0 2492
10 1 2493
13 0 2494
13 1 2494
21 1 2495
9 1 2496
21 0 2496
29 0 2497
11 1 2498
4 1 2498
15 0 2499
18 0 2500
12 1 2500
26 0 2501
12 1 2502
23 1 2502
14 0 2503
6 0 2504
11 1 2504
4 1 2505
2 0 2506
6 0 2506
10 1 2507
26 0 2508
5 1 2508
0 1 2509
29 0 2510
7 0 2510
9 1 2511
26 0 2512
23 0 2512
28 1 2513
28 1 2514
23 1 2514
5 0 2515
4 0 2516
18 1 2516
11 0 2517
2 1 2518
19 1 2518
17 0 2519
10 0 2520
23 0 2520
5 0 2521
7 0 2522
28 1 2522
16 1 2523
29 1 2524
22 1 2524
0 1 2525
16 0 2526
19 0 2526
27 1 2527
26 0 2528
22 1 2528
5 0 2529
10 1 2530
11 0 2530
3 1 2531
1 0 2532
21 1 2532
9 1 2533
17 0 2534
5 0 2534
18 1 2535
29 0 2536
19 1 2536
12 1 2537
13 0 2538
15 0 2538
21 1 2539
4 0 2540
22 0 2540
15 1 2541
4 0 2542
29 1 2542
8 1 2543
20 1 2544
13 1 2544
10 0 2545
27 0 2546
26 1 2546
20 1 2547
5 0 2548
19 0 2548
11 0 2549
12 1 2550
5 0 2550
22 0 2551
26 0 2552
16 1 2552
24 1 2553
24 0 2554
14 1 2554
29 1 2555
19 0 2556
12 1 2556
8 0 2557
14 1 2558
14 0 2558
21 1 2559
18 0 2560
0 1 2560
18 0 2561
26 1 2562
11 1 2562
14 0 2563
24 0 2564
28 1 2564
12 0 2565
24 1 2566
9 0 2566
25 1 2567
18 1 2568
15 1 2568
22 1 2569
16 0 2570
3 0 2570
2 0 2571
29 0 2572
27 1 2572
18 0 2573
19 0 2574
20 0 2574
13 1 2575
24 1 2576
28 1 2576
29 0 2577
2 1 2578
5 0 2578
23 1 2579
6 0 2580
25 1 2580
22 0 2581
23 0 2582
7 1 2582
28 1 2583
19 0 2584
4 1 2584
9 0 2585
18 1 2586
24 0 2586
4 0 2587
23 1 2588
14 1 2588
26 0 2589
3 1 2590
19 0 2590
6 0 2591
15 1 2592
11 1 2592
25 0 2593
25 1 2594
16 1 2594
16 0 2595
15 1 2596
15 0 2596
13 1 2597
0 0 2598
22 1 2598
21 0 2599
24 0 2600
7 0 2600
11 1 2601
12 0 2602
5 0 2602
14 1 2603
26 0 2604
0 1 2604
21 1 2605
24 0 2606
26 1 2606
11 1 2607
0 0 2608
0 0 2608
23 1 2609
13 0 2610
9 1 2610
10 0 2611
8 1 2612
5 1 2612
25 0 2613
0 0 2614
23 1 2614
18 1 2615
22 0 2616
15 1 2616
26 0 2617
1 1 2618
12 1 2618
3 0 2619
8 0 2620
0 0 2620
13 1 2621
9 1 2622
14 0 2622
8 1 2623
28 1 2624
12 0 2624
7 1 2625
20 0 2626
28 0 2626
11 0 2627
21 1 2628
4 1 2628
23 0 2629
13 1 2630
18 1 2630
2 1 2631
21 0 2632
27 0 2632
2 1 2633
27 0 2634
12 0 2634
29 1 2635
12 0 2636
29 1 2636
19 0 2637
16 1 2638
20 0 2638
27 1 2639
22 0 2640
1 1 2640
2 1 2641
5 0 2642
18 0 2642
21 1 2643
19 0 2644
23 0 2644
18 0 2645
27 1 2646
21 1 2646
8 1 2647
22 1 2648
25 0 2648
15 0 2649
2 1 2650
11 1 2650
29 0 2651
3 0 2652
10 0 2652
10 1 2653
19 0 2654
23 1 2654
17 1 2655
12 0 2656
18 1 2656
29 0 2657
18 1 2658
21 0 2658
11 1 2659
0 0 2660
25 0 2660
20 1 2661
8 1 2662
20 1 2662
1 0 2663
8 0 2664
11 0 2664
11 1 2665
12 1 2666
22 0 2666
23 1 2667
22 0 2668
6 1 2668
9 0 2669
7 1 2670
1 0 2670
4 1 2671
8 0 2672
12 1 2672
27 1 2673
15 0 2674
16 0 2674
22 1 2675
7 1 2676
11 0 2676
0 1 2677
13 0 2678
19 1 2678
3 0 2679
21 0 2680
8 0 2680
27 1 2681
3 1 2682
4 1 2682
26 1 2683
21 0 2684
0 0 2684
22 0 2685
15 0 2686
7 0 2686
3 1 2687
17 1 2688
6 1 2688
20 0 2689
20 0 2690
2 1 2690
0 1 2691
2 1 2692
14 0 2692
21 0 2693
27 0 2694
12 1 2694
7 1 2695
9 0 2696
5 1 2696
18 1 2697
26 1 2698
9 0 2698
28 1 2699
22 1 2700
15 0 2700
20 1 2701
14 0 2702
8 1 2702
23 0 2703
0 0 2704
20 1 2704
22 0 2705
14 0 2706
28 0 2706
22 1 2707
3 0 2708
11 0 2708
11 0 2709
18 0 2710
20 1 2710
8 1 2711
21 1 2712
5 1 2712
12 0 2713
0 1 2714
21 1 2714
20 0 2715
14 0 2716
27 1 2716
9 1 2717
21 0 2718
17 0 2718
7 0 2719
21 1 2720
26 1 2720
23 0 2721
10 0 2722
2 1 2722
28 1 2723
23 0 2724
3 1 2724
10 0 2725
25 1 2726
13 0 2726
3 1 2727
23 1 2728
17 0 2728
26 0 2729
13 1 2730
0 1 2730
14 0 2731
20 0 2732
11 1 2732
26 0 2733
22 0 2734
9 0 2734
20 1 2735
23 1 2736
26 0 2736
29 1 2737
6 1 2738
16 1 2738
12 0 2739
4 1 2740
19 0 2740
0 0 2741
28 0 2742
13 0 2742
22 1 2743
5 1 2744
8 1 2744
25 0 2745
6 0 2746
16 1 2746
4 0 2747
18 1 2748
9 1 2748
20 0 2749
20 1 2750
0 1 2750
27 0 2751
4 0 2752
8 0 2752
1 1 2753
0 1 2754
14 0 2754
23 1 2755
6 1 2756
20 0 2756
4 0 2757
1 0 2758
11 1 2758
22 1 2759
29 0 2760
21 1 2760
1 1 2761
18 0 2762
18 0 2762
3 0 2763
14 1 2764
8 0 2764
9 1 2765
12 0 2766
19 1 2766
4 0 2767
21 0 2768
19 1 2768
24 1 2769
9 1 2770
2 0 2770
19 0 2771
6 1 2772
6 0 2772
12 1 2773
27 0 2774
1 1 2774
12 1 2775
11 0 2776
25 1 2776
8 0 2777
18 0 2778
16 0 2778
18 0 2779
0 1 2780
12 1 2780
16 1 2781
6 0 2782
0 1 2782
14 0 2783
17 1 2784
17 0 2784
17 1 2785
9 1 2786
9 0 2786
21 0 2787
1 1 2788
15 1 2788
3 1 2789
15 0 2790
21 0 2790
27 0 2791
6 0 2792
3 1 2792
13 1 2793
13 1 2794
24 1 2794
27 0 2795
24 0 2796
25 1 2796
24 0 2797
13 1 2798
21 1 2798
17 0 2799
22 0 2800
7 1 2800
20 1 2801
22 0 2802
23 1 2802
5 0 2803
7 0 2804
12 1 2804
20 0 2805
3 1 2806
28 0 2806
14 1 2807
29 1 2808
9 0 2808
25 1 2809
0 0 2810
15 1 2810
3 0 2811
2 0 2812
13 1 2812
2 0 2813
15 0 2814
8 1 2814
19 0 2815
8 1 2816
5 1 2816
25 0 2817
12 0 2818
10 1 2818
16 1 2819
28 1 2820
3 0 2820
20 0 2821
26 1 2822
12 1 2822
29 0 2823
25 0 2824
4 1 2824
19 1 2825
21 1 2826
15 1 2826
6 1 2827
20 1 2828
11 0 2828
7 0 2829
15 0 2830
0 0 2830
27 1 2831
21 0 2832
22 1 2832
1 0 2833
4 0 2834
20 0 2834
11 0 2835
20 1 2836
14 0 2836
19 1 2837
3 1 2838
25 1 2838
23 0 2839
27 0 2840
7 1 2840
11 0 2841
26 1 2842
19 1 2842
22 0 2843
2 0 2844
1 1 2844
7 0 2845
2 0 2846
19 0 2846
13 1 2847
27 1 2848
11 0 2848
20 1 2849
15 1 2850
1 0 2850
21 1 2851
3 0 2852
1 0 2852
29 1 2853
2 0 2854
24 1 2854
10 0 2855
6 1 2856
12 0 2856
13 0 2857
9 1 2858
20 1 2858
19 0 2859
9 0 2860
16 1 2860
10 1 2861
22 0 2862
5 1 2862
14 1 2863
15 0 2864
16 0 2864
27 1 2865
5 1 2866
20 0 2866
25 1 2867
1 0 2868
24 0 2868
19 1 2869
15 1 2870
3 1 2870
11 0 2871
22 0 2872
2 1 2872
29 1 2873
26 0 2874
7 0 2874
6 0 2875
8 1 2876
0 0 2876
7 1 2877
10 1 2878
10 0 2878
1 1 2879
6 0 2880
26 0 2880
16 1 2881
0 1 2882
27 0 2882
9 1 2883
28 0 2884
24 1 2884
15 1 2885
26 1 2886
6 0 2886
8 0 2887
3 1 2888
1 0 2888
23 1 2889
19 0 2890
14 0 2890
8 0 2891
1 1 2892
26 0 2892
22 1 2893
15 1 2894
12 0 2894
11 1 2895
27 0 2896
12 1 2896
1 1 2897
9 0 2898
18 1 2898
8 1 2899
19 0 2900
2 1 2900
12 0 2901
20 0 2902
22 0 2902
11 0 2903
25 1 2904
16 0 2904
15 1 2905
15 0 2906
20 0 2906
11 1 2907
17 1 2908
20 1 2908
4 1 2909
24 0 2910
15 0 2910
3 0 2911
0 1 2912
6 1 2912
2 0 2913
20 1 2914
13 1 2914
27 0 2915
20 0 2916
9 1 2916
16 0 2917
16 0 2918
17 1 2918
12 0 2919
0 1 2920
10 1 2920
0 0 2921
22 1 2922
3 0 2922
4 0 2923
13 1 2924
21 1 2924
9 0 2925
12 1 2926
18 0 2926
22 1 2927
1 1 2928
7 1 2928
27 0 2929
17 0 2930
23 0 2930
12 0 2931
13 1 2932
10 0 2932
27 1 2933
15 1 2934
28 0 2934
13 1 2935
13 0 2936
7 0 2936
11 1 2937
11 1 2938
15 1 2938
25 0 2939
28 0 2940
13 1 2940
6 0 2941
9 0 2942
7 0 2942
2 1 2943
5 1 2944
21 1 2944
23 0 2945
1 1 2946
12 0 2946
13 1 2947
19 1 2948
21 0 2948
23 0 2949
23 0 2950
0 1 2950
5 0 2951
25 0 2952
10 1 2952
23 1 2953
16 1 2954
7 1 2954
9 0 2955
8 1 2956
15 0 2956
3 1 2957
27 0 2958
25 0 2958
7 0 2959
20 1 2960
28 1 2960
16 0 2961
3 1 2962
28 0 2962
0 1 2963
2 0 2964
16 1 2964
12 0 2965
20 1 2966
0 0 2966
16 1 2967
2 0 2968
20 1 2968
7 1 2969
16 1 2970
15 0 2970
0 0 2971
7 0 2972
11 1 2972
15 0 2973
22 1 2974
14 1 2974
28 0 2975
1 0 2976
23 0 2976
21 1 2977
18 1 2978
11 0 2978
10 1 2979
15 1 2980
8 0 2980
22 0 2981
23 0 2982
4 1 2982
0 0 2983
17 1 2984
21 0 2984
25 0 2985
12 1 2986
29 1 2986
0 1 2987
8 0 2988
4 1 2988
17 1 2989
22 0 2990
14 0 2990
27 1 2991
1 1 2992
5 0 2992
14 1 2993
19 0 2994
18 0 2994
1 1 2995
6 1 2996
8 0 2996
2 0 2997
17 0 2998
21 1 2998
2 1 2999
28 0 3000
0 1 3000
17 0 3001
0 0 3002
12 1 3002
25 1 3003
15 0 3004
22 0 3004
2 1 3005
8 1 3006
29 0 3006
2 1 3007
15 1 3008
14 0 3008
4 1 3009
15 0 3010
22 1 3010
29 0 3011
17 0 3012
0 0 3012
19 1 3013
0 1 3014
0 1 3014
26 1 3015
2 1 3016
5 0 3016
16 0 3017
1 1 3018
21 0 3018
0 0 3019
25 1 3020
10 0 3020
15 1 3021
26 1 3022
27 0 3022
19 0 3023
2 0 3024
19 1 3024
19 0 3025
2 1 3026
23 1 3026
27 0 3027
0 1 3028
11 0 3028
16 0 3029
22 1 3030
17 1 3030
20 0 3031
13 0 3032
22 1 3032
17 0 3033
10 1 3034
27 0 3034
12 1 3035
29 0 3036
26 0 3036
11 0 3037
20 1 3038
16 1 3038
4 0 3039
20 1 3040
5 1 3040
15 0 3041
22 1 3042
27 0 3042
11 1 3043
21 0 3044
25 1 3044
23 0 3045
20 1 3046
20 0 3046
4 0 3047
15 0 3048
25 0 3048
24 1 3049
10 1 3050
0 1 3050
3 1 3051
26 0 3052
21 1 3052
13 0 3053
6 0 3054
8 0 3054
16 1 3055
17 1 3056
8 1 3056
5 0 3057
14 1 3058
4 0 3058
0 0 3059
8 0 3060
3 1 3060
2 1 3061
5 0 3062
18 1 3062
0 1 3063
20 0 3064
19 1 3064
17 0 3065
1 1 3066
27 0 3066
14 1 3067
12 1 3068
5 1 3068
12 0 3069
11 0 3070
5 0 3070
28 0 3071
18 1 3072
10 1 3072
2 0 3073
6 1 3074
9 1 3074
5 0 3075
17 1 3076
13 0 3076
16 0 3077
10 1 3078
1 1 3078
12 1 3079
24 0 3080
14 0 3080
1 0 3081
0 1 3082
13 0 3082
28 1 3083
11 0 3084
23 1 3084
13 0 3085
18 1 3086
24 1 3086
28 0 3087
12 0 3088
15 1 3088
3 0 3089
20 0 3090
5 1 3090
20 1 3091
24 0 3092
13 1 3092
29 1 3093
28 0 3094
21 1 3094
11 0 3095
27 1 3096
29 0 3096
19 0 3097
1 0 3098
4 1 3098
13 0 3099
22 1 3100
10 1 3100
18 1 3101
27 0 3102
1 0 3102
22 0 3103
16 0 3104
16 1 3104
0 1 3105
11 1 3106
10 1 3106
23 0 3107
15 1 3108
14 0 3108
21 0 3109
13 1 3110
11 0 3110
12 0 3111
12 1 3112
17 1 3112
27 0 3113
16 1 3114
6 1 3114
27 0 3115
20 0 3116
3 0 3116
10 0 3117
8 1 3118
3 1 3118
20 1 3119
16 0 3120
25 1 3120
0 1 3121
0 0 3122
6 0 3122
0 0 3123
24 1 3124
4 0 3124
3 1 3125
21 0 3126
2 1 3126
8 1 3127
15 0 3128
7 1 3128
10 1 3129
3 0 3130
0 0 3130
0 1 3131
8 1 3132
20 0 3132
12 0 3133
25 0 3134
3 1 3134
29 1 3135
21 1 3136
28 1 3136
12 0 3137
6 0 3138
12 0 3138
26 1 3139
1 1 3140
18 0 3140
28 0 3141
1 0 3142
14 1 3142
10 0 3143
1 1 3144
0 1 3144
17 0 3145
12 1 3146
11 0 3146
17 1 3147
11 0 3148
5 0 3148
16 1 3149
11 0 3150
12 1 3150
29 1 3151
7 0 3152
24 0 3152
13 1 3153
10 1 3154
9 1 3154
22 0 3155
21 0 3156
1 1 3156
6 1 3157
9 0 3158
6 0 3158
9 0 3159
7 1 3160
8 1 3160
7 0 3161
17 1 3162
28 1 3162
0 0 3163
18 0 3164
27 1 3164
13 0 3165
16 1 3166
13 0 3166
17 1 3167
22 0 3168
0 0 3168
25 1 3169
0 0 3170
15 1 3170
14 0 3171
17 1 3172
2 1 3172
22 0 3173
8 1 3174
2 0 3174
4 1 3175
18 0 3176
13 0 3176
12 0 3177
29 1 3178
5 1 3178
17 1 3179
26 1 3180
4 0 3180
25 1 3181
20 0 3182
24 1 3182
16 0 3183
29 1 3184
3 0 3184
2 0 3185
0 1 3186
3 1 3186
18 0 3187
26 1 3188
2 1 3188
15 0 3189
27 0 3190
11 0 3190
23 1 3191
7 1 3192
17 0 3192
10 1 3193
26 0 3194
21 0 3194
11 1 3195
13 0 3196
2 0 3196
23 1 3197
12 1 3198
22 1 3198
11 1 3199
7 0 3200
16 0 3200
2 1 3201
22 0 3202
11 1 3202
3 0 3203
1 0 3204
12 1 3204
12 0 3205
27 1 3206
5 0 3206
6 1 3207
11 0 3208
9 1 3208
15 1 3209
9 0 3210
17 0 3210
28 0 3211
28 1 3212
8 1 3212
21 0 3213
9 1 3214
7 1 3214
8 0 3215
5 0 3216
16 0 3216
7 1 3217
2 1 3218
12 1 3218
13 0 3219
23 1 3220
6 0 3220
9 1 3221
16 0 3222
8 0 3222
9 0 3223
11 1 3224
28 1 3224
25 0 3225
9 1 3226
26 0 3226
16 1 3227
29 0 3228
13 1 3228
16 0 3229
20 1 3230
22 1 3230
8 0 3231
25 1 3232
23 0 3232
12 0 3233
1 0 3234
9 1 3234
18 1 3235
21 0 3236
22 0 3236
6 1 3237
7 0 3238
8 0 3238
7 1 3239
0 1 3240
6 1 3240
26 0 3241
14 1 3242
11 1 3242
9 0 3243
12 1 3244
15 0 3244
9 0 3245
18 0 3246
28 1 3246
14 1 3247
10 0 3248
20 1 3248
20 0 3249
10 0 3250
7 1 3250
6 0 3251
13 1 3252
7 1 3252
14 0 3253
8 0 3254
7 1 3254
27 1 3255
12 0 3256
17 1 3256
1 1 3257
0 0 3258
12 1 3258
13 0 3259
4 1 3260
11 0 3260
2 0 3261
22 1 3262
6 1 3262
25 0 3263
25 1 3264
7 0 3264
2 0 3265
14 1 3266
25 0 3266
22 1 3267
6 1 3268
1 0 3268
2 0 3269
10 0 3270
20 1 3270
20 0 3271
19 1 3272
13 0 3272
11 1 3273
17 1 3274
17 1 3274
7 0 3275
24 0 3276
14 0 3276
24 1 3277
1 1 3278
16 0 3278
18 1 3279
14 1 3280
9 0 3280
22 0 3281
13 0 3282
9 1 3282
1 1 3283
18 0 3284
19 0 3284
13 1 3285
6 1 3286
2 0 3286
18 1 3287
29 0 3288
12 0 3288
1 1 3289
17 1 3290
18 0 3290
26 1 3291
14 0 3292
16 1 3292
16 0 3293
29 1 3294
28 0 3294
12 1 3295
16 1 3296
1 0 3296
8 0 3297
12 1 3298
20 0 3298
18 1 3299
11 0 3300
4 0 3300
7 0 3301
7 1 3302
3 1 3302
11 0 3303
25 0 3304
12 1 3304
25 1 3305
0 0 3306
18 0 3306
13 1 3307
16 1 3308
26 1 3308
6 0 3309
10 0 3310
23 0 3310
20 1 3311
9 0 3312
3 1 3312
8 1 3313
1 1 3314
25 1 3314
3 0 3315
2 0 3316
20 0 3316
1 0 3317
2 1 3318
17 1 3318
13 1 3319
20 1 3320
23 0 3320
0 1 3321
6 1 3322
26 1 3322
24 1 3323
1 0 3324
17 0 3324
13 0 3325
29 1 3326
15 1 3326
15 0 3327
12 0 3328
12 0 3328
29 0 3329
24 1 3330
6 1 3330
0 0 3331
22 1 3332
6 0 3332
24 0 3333
20 0 3334
